Opening port
Port failed to open
Port open
1024
1024
1024
1024
1024
1024
1024
1024
1024
1024
1024
1024
1024
1024
1024
1024
1024
1024
1024
1024
1024
1024
1024
1024
1024
1024
1024
1024
1024
1024
1024
1024
1024
1024
1024
1024
1024
1024
1024
1024
1024
1024
1024
1024
1024
1024
1024
1024
1024
1024
1024
1024
1024
1024
1024
1024
1024
1024
1024
1024
1024
1024
1024
1024
1024
1024
1024
1024
1024
1024
1024
1024
1024
1024
1024
1024
1024
1024
1024
1024
1024
1024
1024
1024
1024
1024
1024
1024
1024
1024
1024
1024
1024
1024
1024
1024
1024
1024
1024
1024
1024
1024
1024
1024
1024
1024
1024
1024
1024
1024
1024
1024
1024
1024
1024
1024
1024
1024
1024
1024
1024
1024
1024
1024
1024
1024
1024
1024
0.00	51.04	20590
0.00	51.10	20914
0.00	51.10	21238
0.00	51.10	21562
0.00	51.14	21886
0.00	51.10	22210
0.00	51.14	22532
0.00	51.14	22855
0.00	51.10	23177
0.00	51.14	23500
0.00	51.10	23822
0.00	51.14	24143
0.00	51.14	24464
0.00	51.14	24784
0.00	51.14	25105
0.00	51.14	25426
0.00	51.14	25747
0.00	51.14	26068
0.00	51.17	26389
0.00	51.17	26710
0.00	51.21	27031
0.00	51.21	27352
0.00	51.21	27673
0.00	51.27	27995
0.00	51.34	28316
0.00	51.38	28637
0.00	51.48	28958
0.00	51.51	29279
0.00	51.62	29601
0.00	51.68	29922
0.00	51.79	30243
0.00	51.85	30564
0.00	51.96	30885
0.00	52.09	31206
0.00	52.19	31527
0.00	52.30	31848
0.00	52.40	32169
0.00	52.54	32490
0.00	52.64	32811
0.00	52.74	33132
0.00	52.88	33453
0.00	52.98	33774
0.00	53.12	34095
0.00	53.25	34416
0.00	53.35	34737
0.00	53.49	35058
0.00	53.63	35379
0.00	53.73	35700
0.00	53.87	36021
0.00	54.00	36342
0.00	54.11	36663
0.00	54.24	36984
0.00	54.34	37305
0.00	54.48	37626
0.00	54.58	37947
0.00	54.72	38268
0.00	54.82	38589
0.00	54.96	38910
0.00	55.03	39231
0.00	55.20	39552
0.00	55.30	39873
0.00	55.40	40194
0.00	55.54	40516
0.00	55.64	40837
0.00	55.74	41158
0.00	55.88	41479
0.00	56.02	41800
0.00	56.12	42121
0.00	56.22	42442
0.00	56.32	42763
0.00	56.46	43084
0.00	56.60	43405
0.00	56.70	43726
0.00	56.84	44047
0.00	56.90	44368
0.00	57.04	44689
0.00	57.18	45010
0.00	57.28	45331
0.00	57.42	45653
0.00	57.55	45974
0.00	57.62	46295
0.00	57.79	46616
0.00	57.89	46937
0.00	58.00	47258
0.00	58.17	47579
0.00	58.24	47900
0.00	58.37	48221
0.00	58.44	48542
0.00	58.61	48863
0.00	58.68	49184
0.00	58.82	49505
0.00	58.92	49826
0.00	59.02	50147
0.00	59.12	50469
0.00	59.23	50790
0.00	59.33	51111
0.00	59.43	51432
0.00	59.53	51753
0.00	59.64	52074
0.00	59.74	52395
0.00	59.81	52716
0.00	59.94	53037
0.00	60.01	53358
0.00	60.08	53679
0.00	60.18	54000
0.00	60.29	54322
0.00	60.36	54643
0.00	60.46	54964
0.00	60.53	55285
0.00	60.59	55606
0.00	60.70	55927
0.00	60.77	56248
0.00	60.83	56569
0.00	60.90	56890
0.00	60.97	57211
0.00	61.04	57532
0.00	61.14	57853
0.00	61.21	58174
0.00	61.24	58495
0.00	61.35	58817
0.00	61.42	59138
0.00	61.48	59459
0.00	61.55	59780
0.00	61.59	60101
0.00	61.65	60422
0.00	61.72	60743
0.00	61.79	61064
0.00	61.86	61385
0.00	61.89	61706
0.00	61.96	62027
0.00	62.03	62348
0.00	62.06	62669
0.00	62.13	62990
0.00	62.20	63311
0.00	62.27	63633
0.00	62.30	63954
0.00	62.34	64275
0.00	62.44	64596
0.00	62.48	64917
0.00	62.51	65238
0.00	62.61	65559
0.00	62.65	65880
0.00	62.71	66201
0.00	62.75	66522
0.00	62.82	66843
0.00	62.85	67164
0.00	62.92	67485
0.00	62.95	67806
0.00	63.02	68127
0.00	63.06	68448
0.00	63.09	68769
0.00	63.16	69090
0.00	63.19	69411
0.00	63.26	69732
0.00	63.30	70053
0.00	63.33	70374
0.00	63.36	70695
0.00	63.43	71016
0.00	63.50	71337
0.00	63.54	71659
0.00	63.60	71980
0.00	63.60	72301
0.00	63.67	72622
0.00	63.71	72943
0.00	63.81	73264
0.00	63.84	73585
0.00	63.88	73906
0.00	63.95	74227
0.00	64.02	74548
0.00	64.02	74870
0.00	64.08	75191
0.00	64.12	75512
0.00	64.22	75833
0.00	64.25	76154
0.00	64.32	76475
0.00	64.39	76796
0.00	64.43	77117
0.00	64.49	77438
0.00	64.56	77759
0.00	64.60	78080
0.00	64.67	78401
0.00	64.73	78722
0.00	64.84	79043
0.00	64.87	79364
0.00	64.94	79685
0.00	65.01	80006
0.00	65.04	80327
0.00	65.11	80648
0.00	65.18	80969
0.00	65.25	81290
0.00	65.32	81612
0.00	65.38	81933
0.00	65.45	82254
0.00	65.52	82575
0.00	65.59	82896
0.00	65.66	83217
0.00	65.73	83538
0.00	65.80	83859
0.00	65.86	84180
0.00	65.97	84501
0.00	66.00	84822
0.00	66.14	85143
0.00	66.17	85464
0.00	66.27	85785
0.00	66.34	86106
0.00	66.41	86427
0.00	66.48	86748
0.00	66.58	87069
0.00	66.65	87390
0.00	66.72	87711
0.00	66.79	88032
0.00	66.86	88353
0.00	66.93	88674
0.00	67.03	88995
0.00	67.10	89316
0.00	67.17	89637
0.00	67.27	89958
0.00	67.34	90279
0.00	67.40	90600
0.00	67.47	90921
0.00	67.58	91243
0.00	67.64	91563
0.00	67.71	91885
0.00	67.78	92206
0.00	67.88	92527
0.00	67.95	92848
0.00	68.02	93169
0.00	68.12	93490
0.00	68.19	93811
0.00	68.26	94132
0.00	68.36	94453
0.00	68.47	94774
0.00	68.50	95095
0.00	68.60	95416
0.00	68.71	95737
0.00	68.78	96058
0.00	68.88	96379
0.00	68.91	96700
0.00	69.02	97021
0.00	69.08	97342
0.00	69.15	97663
0.00	69.26	97984
0.00	69.29	98305
0.00	69.39	98626
0.00	69.46	98947
0.00	69.56	99269
0.00	69.63	99590
0.00	69.70	99911
0.00	69.77	100232
0.00	69.87	100553
0.00	69.94	100874
0.00	70.04	101195
0.00	70.08	101516
0.00	70.15	101837
0.00	70.25	102158
0.00	70.32	102479
0.00	70.42	102800
0.00	70.52	103121
0.00	70.56	103442
0.00	70.66	103763
0.00	70.73	104084
0.00	70.80	104405
0.00	70.90	104726
0.00	70.97	105047
0.00	71.07	105368
0.00	71.14	105690
0.00	71.21	106011
0.00	71.28	106332
0.00	71.35	106653
0.00	71.42	106975
0.00	71.52	107296
0.00	71.62	107617
0.00	71.69	107938
0.00	71.79	108259
0.00	71.83	108580
0.00	71.96	108901
0.00	72.03	109222
0.00	72.14	109543
0.00	72.20	109864
0.00	72.31	110185
0.00	72.38	110506
0.00	72.48	110827
0.00	72.55	111149
0.00	72.65	111470
0.00	72.72	111791
0.00	72.79	112112
0.00	72.93	112433
0.00	72.99	112754
0.00	73.06	113075
0.00	73.13	113396
0.00	73.23	113717
0.00	73.34	114038
0.00	73.41	114359
0.00	73.51	114680
0.00	73.61	115001
0.00	73.68	115322
0.00	73.78	115643
0.00	73.89	115964
0.00	73.99	116285
0.00	74.06	116606
0.00	74.16	116927
0.00	74.23	117248
0.00	74.37	117569
0.00	74.47	117890
0.00	74.54	118211
0.00	74.64	118532
0.00	74.74	118853
0.00	74.81	119175
0.00	74.95	119496
0.00	75.02	119817
0.00	75.09	120138
0.00	75.19	120459
0.00	75.29	120780
0.00	75.40	121101
0.00	75.43	121422
0.00	75.53	121743
0.00	75.64	122064
0.00	75.67	122385
0.00	75.77	122706
0.00	75.88	123027
0.00	75.95	123348
0.00	76.02	123669
0.00	76.08	123990
0.00	76.19	124312
0.00	76.22	124633
0.00	76.32	124954
0.00	76.39	125274
0.00	76.50	125596
0.00	76.56	125917
0.00	76.63	126238
0.00	76.67	126559
0.00	76.77	126880
0.00	76.84	127201
0.00	76.91	127522
0.00	76.98	127843
0.00	77.08	128164
0.00	77.11	128485
0.00	77.22	128806
0.00	77.29	129127
0.00	77.35	129448
0.00	77.42	129769
0.00	77.46	130090
0.00	77.53	130411
0.00	77.60	130732
0.00	77.70	131053
0.00	77.73	131374
0.00	77.77	131695
0.00	77.84	132016
0.00	77.90	132337
0.00	77.94	132658
0.00	78.01	132980
0.00	78.08	133301
0.00	78.11	133622
0.00	78.15	133943
0.00	78.21	134264
0.00	78.28	134585
0.00	78.32	134906
0.00	78.39	135227
0.00	78.42	135548
0.00	78.49	135869
0.00	78.52	136190
0.00	78.59	136511
0.00	78.63	136832
0.00	78.70	137153
0.00	78.70	137474
0.00	78.76	137795
0.00	78.83	138116
0.00	78.87	138438
0.00	78.94	138759
0.00	79.00	139080
0.00	79.04	139401
0.00	79.07	139722
0.00	79.14	140044
0.00	79.21	140365
0.00	79.28	140686
0.00	79.35	141007
0.00	79.38	141328
0.00	79.45	141649
0.00	79.52	141970
0.00	79.55	142291
0.00	79.62	142612
0.00	79.66	142933
0.00	79.73	143254
0.00	79.80	143575
0.00	79.86	143897
0.00	79.90	144218
0.00	79.93	144539
0.00	80.00	144860
0.00	80.07	145181
0.00	80.10	145502
0.00	80.17	145823
0.00	80.24	146144
0.00	80.24	146465
0.00	80.31	146786
0.00	80.38	147107
0.00	80.41	147429
0.00	80.45	147749
0.00	80.52	148071
0.00	80.55	148392
0.00	80.62	148713
0.00	80.66	149034
0.00	80.69	149355
0.00	80.72	149676
0.00	80.76	149997
0.00	80.79	150318
0.00	80.86	150639
0.00	80.90	150960
0.00	80.90	151281
0.00	80.96	151602
0.00	80.96	151923
0.00	81.03	152244
0.00	81.03	152565
0.00	81.10	152886
0.00	81.14	153207
0.00	81.17	153528
0.00	81.24	153849
0.00	81.24	154171
0.00	81.31	154492
0.00	81.31	154813
0.00	81.34	155134
0.00	81.38	155455
0.00	81.41	155776
0.00	81.45	156097
0.00	81.45	156418
0.00	81.52	156739
0.00	81.55	157060
0.00	81.55	157381
0.00	81.62	157702
0.00	81.62	158023
0.00	81.69	158344
0.00	81.69	158665
0.00	81.72	158986
0.00	81.76	159307
0.00	81.79	159628
0.00	81.79	159950
0.00	81.82	160271
0.00	81.86	160592
0.00	81.89	160913
0.00	81.96	161234
0.00	81.96	161555
0.00	81.96	161876
0.00	82.00	162197
0.00	82.03	162518
0.00	82.03	162839
0.00	82.07	163160
0.00	82.10	163481
0.00	82.13	163802
0.00	82.13	164123
0.00	82.17	164444
0.00	82.17	164765
0.00	82.20	165086
0.00	82.20	165407
0.00	82.24	165728
0.00	82.27	166049
0.00	82.27	166371
0.00	82.31	166692
0.00	82.31	167013
0.00	82.34	167334
0.00	82.38	167655
0.00	82.41	167976
0.00	82.38	168297
0.00	82.38	168618
0.00	82.41	168939
0.00	82.41	169260
0.00	82.44	169581
0.00	82.48	169902
0.00	82.48	170223
0.00	82.48	170544
0.00	82.48	170865
0.00	82.51	171186
0.00	82.55	171507
0.00	82.55	171828
0.00	82.58	172149
0.00	82.58	172470
0.00	82.62	172791
0.00	82.65	173112
0.00	82.69	173433
0.00	82.65	173754
0.00	82.65	174075
0.00	82.69	174396
0.00	82.72	174717
0.00	82.72	175038
0.00	82.75	175359
0.00	82.75	175681
0.00	82.79	176002
0.00	82.75	176323
0.00	82.79	176644
0.00	82.79	176965
0.00	82.79	177286
0.00	82.82	177607
0.00	82.82	177928
0.00	82.86	178249
0.00	82.86	178570
0.00	82.86	178891
0.00	82.86	179212
0.00	82.86	179533
0.00	82.89	179854
0.00	82.89	180175
0.00	82.89	180496
0.00	82.93	180817
0.00	82.93	181138
0.00	82.93	181459
0.00	82.96	181780
0.00	82.96	182101
0.00	82.96	182422
0.00	82.99	182743
0.00	82.99	183064
0.00	83.03	183385
0.00	83.03	183706
0.00	82.99	184027
0.00	83.03	184348
0.00	83.06	184670
0.00	83.06	184991
0.00	83.06	185312
0.00	83.10	185633
0.00	83.06	185954
0.00	83.13	186275
0.00	83.10	186596
0.00	83.13	186917
0.00	83.10	187238
0.00	83.13	187559
0.00	83.13	187880
0.00	83.13	188201
0.00	83.10	188522
0.00	83.13	188844
850.00	83.17	189092
850.00	83.17	189340
850.00	83.17	189588
850.00	83.17	189835
850.00	83.17	190083
850.00	83.17	190330
850.00	83.17	190577
850.00	83.17	190824
850.00	83.17	191072
850.00	83.24	191319
850.00	83.20	191566
850.00	83.20	191813
850.00	83.17	192060
850.00	83.20	192307
850.00	83.20	192555
850.00	83.20	192802
850.00	83.20	193049
850.00	83.24	193296
850.00	83.24	193543
850.00	83.24	193790
850.00	83.24	194038
850.00	83.27	194285
850.00	83.24	194532
850.00	83.27	194779
850.00	83.27	195026
850.00	83.27	195274
850.00	83.27	195521
850.00	83.27	195768
850.00	83.27	196015
850.00	83.30	196262
850.00	83.30	196510
850.00	83.30	196757
850.00	83.34	197004
850.00	83.34	197251
850.00	83.34	197498
850.00	83.34	197745
850.00	83.34	197993
850.00	83.34	198240
850.00	83.34	198487
850.00	83.34	198734
850.00	83.37	198981
850.00	83.37	199228
850.00	83.37	199476
850.00	83.41	199723
850.00	83.41	199971
850.00	83.41	200218
850.00	83.44	200465
850.00	83.44	200712
850.00	83.44	200960
850.00	83.41	201207
850.00	83.41	201454
850.00	83.44	201701
850.00	83.44	201948
850.00	83.44	202195
850.00	83.44	202442
850.00	83.51	202690
850.00	83.48	202937
850.00	83.48	203184
850.00	83.48	203431
850.00	83.48	203678
850.00	83.51	203926
850.00	83.51	204173
850.00	83.51	204420
850.00	83.51	204667
850.00	83.51	204914
850.00	83.51	205161
850.00	83.55	205408
850.00	83.55	205655
850.00	83.55	205902
850.00	83.58	206150
850.00	83.55	206397
850.00	83.58	206644
850.00	83.55	206891
850.00	83.55	207139
850.00	83.58	207386
850.00	83.55	207634
850.00	83.55	207881
850.00	83.55	208128
850.00	83.55	208375
850.00	83.55	208622
850.00	83.55	208869
850.00	83.51	209117
850.00	83.55	209364
850.00	83.51	209611
850.00	83.51	209858
850.00	83.51	210105
850.00	83.44	210352
850.00	83.44	210600
850.00	83.41	210847
850.00	83.37	211094
850.00	83.37	211341
850.00	83.34	211588
850.00	83.34	211835
850.00	83.30	212082
850.00	83.24	212330
850.00	83.20	212577
850.00	83.17	212824
850.00	83.13	213071
850.00	83.10	213319
850.00	83.03	213566
850.00	82.99	213813
850.00	82.93	214060
850.00	82.89	214307
850.00	82.86	214554
850.00	82.82	214802
850.00	82.79	215049
850.00	82.72	215296
850.00	82.69	215543
850.00	82.69	215790
850.00	82.62	216037
850.00	82.58	216285
850.00	82.55	216532
850.00	82.51	216779
850.00	82.48	217026
850.00	82.44	217273
850.00	82.41	217520
850.00	82.34	217768
850.00	82.31	218015
850.00	82.27	218262
850.00	82.20	218509
850.00	82.20	218756
850.00	82.10	219004
850.00	82.03	219251
850.00	82.00	219498
850.00	81.93	219745
850.00	81.86	219992
850.00	81.79	220239
850.00	81.72	220487
850.00	81.65	220734
850.00	81.58	220981
850.00	81.48	221228
850.00	81.38	221475
850.00	81.31	221722
850.00	81.21	221969
850.00	81.14	222217
850.00	81.00	222464
850.00	80.93	222711
850.00	80.83	222958
850.00	80.66	223205
850.00	80.55	223452
850.00	80.45	223699
850.00	80.35	223947
850.00	80.21	224194
850.00	80.07	224441
850.00	79.97	224688
850.00	79.83	224935
850.00	79.73	225183
850.00	79.59	225430
850.00	79.45	225677
850.00	79.31	225924
850.00	79.18	226172
850.00	79.00	226419
850.00	78.87	226666
850.00	78.73	226913
850.00	78.56	227160
850.00	78.42	227408
850.00	78.28	227655
850.00	78.11	227902
850.00	77.90	228149
850.00	77.73	228397
850.00	77.60	228644
850.00	77.42	228891
850.00	77.22	229138
850.00	77.05	229385
850.00	76.87	229632
850.00	76.70	229880
850.00	76.50	230127
850.00	76.32	230374
850.00	76.08	230621
850.00	75.91	230868
850.00	75.71	231115
850.00	75.50	231362
850.00	75.29	231610
850.00	75.09	231857
850.00	74.88	232104
850.00	74.68	232352
850.00	74.44	232599
850.00	74.26	232846
850.00	74.02	233094
850.00	73.78	233341
850.00	73.58	233588
850.00	73.34	233835
850.00	73.13	234082
850.00	72.89	234330
850.00	72.62	234577
850.00	72.44	234824
850.00	72.14	235071
850.00	71.90	235319
850.00	71.66	235566
850.00	71.42	235814
850.00	71.18	236061
850.00	70.94	236308
850.00	70.66	236555
850.00	70.39	236802
850.00	70.15	237050
850.00	69.87	237297
850.00	69.67	237544
850.00	69.39	237791
850.00	69.12	238038
850.00	68.88	238285
850.00	68.60	238532
850.00	68.33	238780
850.00	68.12	239027
850.00	67.85	239274
850.00	67.61	239521
850.00	67.34	239768
850.00	67.10	240015
850.00	66.79	240262
850.00	66.55	240510
850.00	66.31	240757
850.00	66.03	241004
850.00	65.76	241252
850.00	65.52	241499
850.00	65.28	241746
850.00	65.01	241993
850.00	64.77	242240
850.00	64.49	242487
850.00	64.25	242735
850.00	63.98	242983
850.00	63.74	243230
850.00	63.47	243477
850.00	63.23	243725
850.00	62.95	243972
850.00	62.71	244219
850.00	62.44	244466
850.00	62.20	244713
850.00	61.93	244960
850.00	61.69	245207
850.00	61.45	245455
850.00	61.14	245702
850.00	60.87	245949
850.00	60.63	246196
850.00	60.39	246443
850.00	60.15	246691
850.00	59.88	246938
850.00	59.67	247185
850.00	59.40	247432
850.00	59.16	247679
850.00	58.92	247926
850.00	58.65	248173
850.00	58.44	248421
850.00	58.20	248668
850.00	57.93	248915
850.00	57.69	249162
850.00	57.48	249409
850.00	57.25	249657
850.00	56.97	249904
850.00	56.73	250152
850.00	56.49	250399
850.00	56.29	250646
850.00	56.08	250893
850.00	55.85	251140
850.00	55.61	251388
850.00	55.37	251635
850.00	55.16	251882
850.00	54.92	252129
850.00	54.69	252376
850.00	54.48	252623
850.00	54.28	252870
850.00	54.07	253118
850.00	53.87	253365
850.00	53.63	253612
850.00	53.42	253859
850.00	53.22	254107
850.00	52.98	254354
850.00	52.77	254601
850.00	52.57	254848
850.00	52.37	255095
850.00	52.19	255342
850.00	51.96	255589
850.00	51.79	255836
850.00	51.58	256084
850.00	51.38	256331
850.00	51.17	256578
850.00	50.97	256826
850.00	50.76	257073
850.00	50.59	257320
850.00	50.39	257567
850.00	50.18	257814
850.00	50.01	258061
850.00	49.81	258308
850.00	49.64	258556
850.00	49.47	258803
850.00	49.26	259050
850.00	49.09	259298
850.00	48.85	259545
850.00	48.75	259792
850.00	48.55	260039
850.00	48.38	260286
850.00	48.21	260533
850.00	48.04	260781
850.00	47.83	261028
850.00	47.66	261275
850.00	47.49	261523
850.00	47.36	261770
850.00	47.19	262017
850.00	47.05	262264
850.00	46.84	262511
850.00	46.71	262758
850.00	46.50	263006
850.00	46.37	263253
850.00	46.23	263500
850.00	46.03	263747
850.00	45.86	263994
850.00	45.72	264242
850.00	45.59	264489
850.00	45.42	264736
850.00	45.28	264983
850.00	45.14	265231
850.00	44.97	265478
850.00	44.84	265725
850.00	44.70	265972
850.00	44.53	266219
850.00	44.39	266466
850.00	44.26	266714
850.00	44.09	266961
850.00	43.95	267208
850.00	43.82	267455
850.00	43.71	267702
850.00	43.58	267949
850.00	43.41	268197
850.00	43.27	268444
850.00	43.14	268691
850.00	43.03	268938
850.00	42.93	269185
850.00	42.76	269432
850.00	42.66	269680
850.00	42.52	269927
850.00	42.39	270174
850.00	42.29	270422
850.00	42.15	270669
848.41	42.01	270916
846.96	41.95	271163
843.48	41.81	271410
839.02	41.64	271657
837.57	41.57	271904
834.09	41.44	272152
831.62	41.33	272399
829.13	41.23	272646
826.63	41.13	272893
822.13	40.96	273141
819.66	40.86	273388
817.18	40.76	273635
814.69	40.65	273882
812.18	40.55	274129
809.67	40.45	274377
806.15	40.31	274624
804.64	40.25	274871
801.11	40.11	275118
798.59	40.01	275366
796.07	39.91	275613
792.55	39.77	275860
791.03	39.70	276107
788.49	39.60	276354
784.96	39.46	276601
783.44	39.40	276849
780.88	39.30	277096
778.33	39.19	277343
776.77	39.13	277590
773.20	38.99	277838
770.65	38.89	278085
769.09	38.82	278332
766.51	38.72	278579
763.94	38.62	278826
761.37	38.51	279073
758.81	38.41	279320
756.25	38.31	279568
752.70	38.17	279815
751.16	38.11	280062
748.61	38.00	280310
747.04	37.94	280557
744.47	37.83	280804
742.88	37.77	281051
740.28	37.66	281298
737.69	37.56	281545
736.09	37.50	281793
734.47	37.43	282040
731.84	37.33	282287
729.23	37.22	282534
727.62	37.16	282782
725.01	37.05	283029
723.39	36.99	283276
720.78	36.88	283523
718.17	36.78	283770
716.57	36.71	284017
714.94	36.65	284264
712.32	36.54	284512
710.70	36.48	284759
708.07	36.37	285006
706.45	36.31	285254
703.83	36.21	285501
702.20	36.14	285748
700.56	36.07	285995
698.91	36.00	286242
697.25	35.93	286489
694.60	35.83	286737
692.95	35.76	286984
690.30	35.66	287231
689.65	35.63	287479
686.98	35.53	287726
685.32	35.46	287973
683.66	35.39	288220
681.01	35.29	288467
680.35	35.25	288715
677.68	35.15	288962
677.00	35.12	289209
674.32	35.02	289456
672.63	34.95	289704
669.90	34.85	289951
668.16	34.78	290198
667.39	34.75	290445
665.56	34.68	290692
662.71	34.58	290939
661.85	34.54	291187
659.94	34.47	291434
658.00	34.41	291681
655.03	34.31	291928
654.04	34.27	292176
652.02	34.20	292423
649.96	34.14	292670
647.89	34.07	292917
645.79	34.00	293165
643.66	33.93	293412
641.51	33.86	293659
640.33	33.83	293907
638.10	33.76	294154
636.86	33.73	294401
634.58	33.66	294648
632.28	33.59	294895
629.95	33.52	295142
628.61	33.49	295390
626.23	33.42	295637
623.84	33.36	295884
621.42	33.29	296131
619.99	33.25	296379
617.52	33.19	296626
616.04	33.15	296873
613.52	33.08	297120
611.98	33.05	297368
610.41	33.02	297615
607.81	32.95	297862
606.20	32.91	298109
603.55	32.85	298356
600.90	32.78	298604
599.23	32.75	298851
597.54	32.71	299098
595.82	32.68	299345
593.07	32.61	299592
590.31	32.54	299840
588.54	32.51	300087
587.75	32.51	300334
584.91	32.44	300581
584.07	32.44	300829
581.18	32.37	301076
579.30	32.34	301323
577.39	32.30	301570
574.47	32.24	301817
572.54	32.20	302064
570.60	32.17	302312
568.63	32.13	302559
566.65	32.10	302806
564.65	32.07	303053
563.63	32.07	303301
560.57	32.00	303548
558.52	31.97	303795
557.45	31.97	304042
555.35	31.93	304289
553.24	31.90	304536
551.12	31.86	304784
549.99	31.86	305031
547.83	31.83	305278
545.67	31.80	305525
544.50	31.80	305772
541.31	31.73	306019
540.12	31.73	306267
537.91	31.69	306514
535.70	31.66	306761
534.48	31.66	307008
533.24	31.66	307255
530.98	31.63	307502
528.71	31.59	307749
527.44	31.59	307996
526.15	31.59	308244
523.84	31.56	308491
522.54	31.56	308738
521.22	31.56	308985
518.88	31.52	309232
517.55	31.52	309480
516.21	31.52	309727
514.86	31.52	309974
512.50	31.49	310221
510.14	31.46	310469
509.80	31.49	310716
506.42	31.42	310963
506.06	31.46	311211
504.68	31.46	311458
503.29	31.46	311705
501.90	31.46	311952
500.50	31.46	312199
499.09	31.46	312446
497.68	31.46	312693
496.26	31.46	312941
494.84	31.46	313188
494.42	31.49	313435
492.99	31.49	313683
491.56	31.49	313930
489.14	31.46	314177
488.73	31.49	314424
487.31	31.49	314671
485.89	31.49	314918
485.47	31.52	315165
484.04	31.52	315412
482.62	31.52	315660
482.21	31.56	315907
480.78	31.56	316154
479.36	31.56	316402
478.95	31.59	316649
477.53	31.59	316896
476.12	31.59	317143
474.72	31.59	317390
475.33	31.66	317637
473.92	31.66	317884
473.51	31.69	318132
473.11	31.73	318379
471.71	31.73	318626
471.32	31.76	318873
469.93	31.76	319120
469.56	31.80	319367
469.18	31.83	319614
467.82	31.83	319862
467.47	31.86	320109
467.13	31.90	320356
466.79	31.93	320603
465.45	31.93	320850
466.14	32.00	321097
465.81	32.03	321345
465.49	32.07	321592
465.18	32.10	321839
463.88	32.10	322086
463.61	32.13	322334
463.35	32.17	322581
463.09	32.20	322828
462.85	32.24	323075
462.62	32.27	323322
462.40	32.30	323569
462.19	32.34	323816
461.99	32.37	324064
462.81	32.44	324311
461.62	32.44	324558
462.46	32.51	324806
462.30	32.54	325053
462.15	32.58	325300
463.03	32.64	325547
461.90	32.64	325794
463.81	32.75	326041
463.71	32.78	326289
463.63	32.81	326536
463.57	32.85	326783
463.53	32.88	327030
465.52	32.98	327278
464.50	32.98	327525
465.51	33.05	327772
466.54	33.12	328019
466.57	33.15	328266
467.64	33.22	328513
467.71	33.25	328761
468.81	33.32	329008
468.92	33.36	329255
469.06	33.39	329502
471.22	33.49	329749
472.39	33.56	329996
471.57	33.56	330244
472.79	33.63	330491
473.03	33.66	330738
475.30	33.76	330985
476.56	33.83	331232
476.85	33.86	331479
478.16	33.93	331726
478.49	33.97	331974
480.86	34.07	332221
482.23	34.14	332468
482.62	34.17	332715
484.04	34.24	332962
484.49	34.27	333210
486.97	34.37	333457
488.46	34.44	333704
489.97	34.51	333951
491.50	34.58	334199
493.06	34.64	334446
494.64	34.71	334693
496.25	34.78	334940
497.88	34.85	335187
500.54	34.95	335435
501.21	34.98	335682
502.94	35.05	335929
504.68	35.12	336176
506.46	35.19	336423
508.26	35.25	336670
511.09	35.36	336917
512.93	35.42	337165
514.80	35.49	337412
516.70	35.56	337659
518.64	35.63	337906
520.59	35.70	338153
523.59	35.80	338401
525.59	35.87	338648
527.63	35.93	338895
529.70	36.00	339143
531.81	36.07	339390
534.95	36.17	339637
537.10	36.24	339884
539.29	36.31	340131
542.51	36.41	340379
544.74	36.48	340626
547.02	36.54	340873
549.33	36.61	341120
552.67	36.71	341367
555.03	36.78	341614
557.43	36.85	341861
560.86	36.95	342109
563.32	37.02	342356
566.81	37.12	342603
569.32	37.19	342851
572.87	37.29	343098
575.44	37.36	343346
578.05	37.43	343593
580.70	37.50	343840
583.38	37.56	344087
586.10	37.63	344334
589.86	37.73	344581
592.64	37.80	344829
595.46	37.87	345076
598.30	37.94	345323
602.19	38.04	345570
604.08	38.07	345817
608.03	38.17	346064
610.99	38.24	346311
613.98	38.31	346559
617.01	38.38	346806
620.07	38.45	347053
623.16	38.51	347300
627.29	38.62	347547
630.42	38.68	347794
632.60	38.72	348041
634.81	38.75	348289
639.07	38.85	348536
642.34	38.92	348783
645.64	38.99	349030
648.96	39.06	349277
652.31	39.13	349525
655.69	39.19	349772
658.10	39.23	350019
661.54	39.30	350266
664.00	39.33	350513
666.51	39.36	350760
670.05	39.43	351007
674.61	39.53	351255
677.17	39.57	351502
680.77	39.63	351749
684.39	39.70	351996
686.02	39.70	352243
689.70	39.77	352490
694.40	39.87	352737
697.09	39.91	352985
699.82	39.94	353232
701.58	39.94	353479
704.40	39.97	353726
709.24	40.08	353974
712.06	40.11	354221
715.92	40.18	354468
718.78	40.21	354715
721.68	40.25	354962
724.59	40.28	355209
727.53	40.31	355456
730.49	40.35	355704
734.47	40.42	355951
736.45	40.42	356198
740.48	40.48	356445
742.51	40.48	356692
746.58	40.55	356940
747.63	40.52	357187
752.74	40.62	357434
754.83	40.62	357681
756.95	40.62	357928
761.10	40.69	358175
764.25	40.72	358422
765.40	40.69	358670
769.60	40.76	358917
772.78	40.79	359164
774.98	40.79	359411
777.20	40.79	359658
780.44	40.82	359905
782.68	40.82	360152
785.95	40.86	360400
789.21	40.89	360647
791.48	40.89	360894
793.76	40.89	361141
796.07	40.89	361388
798.38	40.89	361636
802.71	40.96	361883
804.01	40.93	362130
807.34	40.96	362377
809.67	40.96	362624
812.01	40.96	362872
813.36	40.93	363119
815.73	40.93	363366
818.11	40.93	363613
820.48	40.93	363860
822.86	40.93	364107
822.13	40.89	364355
822.17	40.89	364602
821.22	40.86	364849
821.27	40.86	365096
822.30	40.89	365343
820.34	40.82	365590
819.41	40.79	365837
819.49	40.79	366085
818.57	40.76	366332
818.65	40.76	366579
816.75	40.69	366826
815.87	40.65	367074
815.99	40.65	367321
815.10	40.62	367568
814.22	40.59	367815
814.34	40.59	368062
812.45	40.52	368309
811.60	40.48	368557
810.74	40.45	368804
809.89	40.42	369051
809.03	40.38	369298
808.19	40.35	369546
807.34	40.31	369793
806.49	40.28	370040
805.65	40.25	370287
804.80	40.21	370534
802.96	40.14	370781
803.13	40.14	371029
801.29	40.08	371276
800.46	40.04	371523
799.63	40.01	371770
797.81	39.94	372018
797.01	39.91	372265
795.21	39.84	372513
794.42	39.80	372760
793.62	39.77	373007
792.81	39.74	373254
791.00	39.67	373501
789.22	39.60	373748
788.44	39.57	373996
786.66	39.50	374243
784.90	39.43	374490
784.14	39.40	374737
781.39	39.30	374985
780.65	39.26	375232
779.90	39.23	375479
778.15	39.16	375726
775.41	39.06	375973
773.70	38.99	376221
772.00	38.92	376468
771.28	38.89	376715
768.57	38.79	376962
765.89	38.68	377209
765.21	38.65	377456
763.52	38.58	377703
760.84	38.48	377951
760.16	38.45	378198
758.46	38.38	378445
755.77	38.28	378692
754.10	38.21	378939
752.42	38.14	379187
750.74	38.07	379434
749.05	38.00	379681
747.37	37.94	379928
745.68	37.87	380175
743.99	37.80	380423
742.30	37.73	380670
740.60	37.66	380917
737.92	37.56	381164
736.25	37.50	381412
734.57	37.43	381659
732.90	37.36	381906
731.22	37.29	382153
729.54	37.22	382400
726.87	37.12	382647
725.20	37.05	382895
723.54	36.99	383142
721.86	36.92	383389
719.20	36.82	383636
717.54	36.75	383884
715.88	36.68	384131
714.22	36.61	384378
712.54	36.54	384625
710.87	36.48	384872
709.18	36.41	385120
707.49	36.34	385367
704.82	36.24	385614
703.15	36.17	385861
700.49	36.07	386109
699.83	36.04	386356
698.15	35.97	386603
697.45	35.93	386851
693.76	35.80	387098
692.10	35.73	387345
691.42	35.70	387592
688.74	35.59	387840
688.05	35.56	388087
685.36	35.46	388334
683.68	35.39	388581
682.00	35.32	388828
680.32	35.25	389075
679.62	35.22	389323
676.92	35.12	389570
675.23	35.05	389817
674.53	35.02	390064
672.79	34.95	390312
671.03	34.88	390559
668.24	34.78	390806
666.44	34.71	391053
665.61	34.68	391300
663.75	34.61	391548
661.86	34.54	391795
659.94	34.47	392042
658.99	34.44	392289
657.02	34.37	392536
654.01	34.27	392784
652.99	34.24	393031
650.94	34.17	393278
647.86	34.07	393525
646.78	34.03	393772
645.66	34.00	394020
643.49	33.93	394267
641.31	33.86	394514
639.10	33.80	394761
637.87	33.76	395008
634.60	33.66	395256
633.33	33.63	395503
632.03	33.59	395750
629.68	33.52	395997
627.32	33.46	396244
625.94	33.42	396492
623.53	33.36	396739
622.11	33.32	396986
620.64	33.29	397233
618.15	33.22	397481
615.65	33.15	397728
614.13	33.12	397975
611.58	33.05	398222
610.02	33.02	398469
607.43	32.95	398716
606.83	32.95	398963
604.18	32.88	399211
602.53	32.85	399458
599.85	32.78	399705
599.16	32.78	399952
596.43	32.71	400199
594.69	32.68	400446
592.94	32.64	400693
591.15	32.61	400941
589.36	32.58	401188
587.54	32.54	401435
584.71	32.47	401683
583.87	32.47	401930
582.00	32.44	402177
579.11	32.37	402424
578.22	32.37	402671
576.31	32.34	402918
574.37	32.30	403165
572.43	32.27	403413
570.47	32.24	403660
569.50	32.24	403907
566.50	32.17	404155
565.50	32.17	404402
564.48	32.17	404649
561.44	32.10	404897
559.40	32.07	405144
558.35	32.07	405391
556.28	32.03	405638
555.20	32.03	405885
553.10	32.00	406132
552.00	32.00	406379
549.87	31.97	406627
547.74	31.93	406874
547.61	31.97	407121
544.45	31.90	407368
543.29	31.90	407615
542.13	31.90	407862
539.95	31.86	408109
538.77	31.86	408356
537.57	31.86	408604
535.36	31.83	408851
535.15	31.86	409098
532.92	31.83	409346
531.70	31.83	409593
530.46	31.83	409840
529.21	31.83	410087
527.96	31.83	410334
526.71	31.83	410581
524.45	31.80	410828
524.20	31.83	411076
520.94	31.76	411323
520.70	31.80	411570
520.43	31.83	411817
519.15	31.83	412064
516.87	31.80	412312
516.60	31.83	412559
514.32	31.80	412806
513.05	31.80	413053
512.78	31.83	413300
511.49	31.83	413547
510.21	31.83	413795
509.93	31.86	414042
508.64	31.86	414289
507.35	31.86	414536
506.06	31.86	414783
506.78	31.93	415030
504.48	31.90	415277
504.20	31.93	415524
502.92	31.93	415772
502.64	31.97	416019
502.36	32.00	416266
500.08	31.97	416513
499.83	32.00	416760
499.57	32.03	417007
498.31	32.03	417255
498.06	32.07	417502
497.81	32.10	417749
497.56	32.13	417996
496.32	32.13	418243
495.09	32.13	418490
495.87	32.20	418738
494.64	32.20	418985
494.43	32.24	419232
493.23	32.24	419479
494.04	32.30	419726
492.85	32.30	419973
493.67	32.37	420220
493.49	32.41	420468
492.31	32.41	420715
492.16	32.44	420962
492.02	32.47	421209
491.89	32.51	421456
491.76	32.54	421703
491.65	32.58	421950
491.55	32.61	422198
491.46	32.64	422445
492.39	32.71	422692
492.31	32.75	422939
492.24	32.78	423186
491.19	32.78	423434
491.18	32.81	423681
492.17	32.88	423928
492.17	32.91	424175
493.18	32.98	424422
492.19	32.98	424670
493.24	33.05	424917
493.29	33.08	425164
495.36	33.19	425411
494.41	33.19	425659
494.51	33.22	425906
494.62	33.25	426153
495.76	33.32	426400
496.90	33.39	426647
497.05	33.42	426894
498.23	33.49	427141
499.42	33.56	427389
499.62	33.59	427636
500.84	33.66	427883
501.08	33.69	428130
503.35	33.80	428378
502.61	33.80	428625
503.93	33.86	428872
506.26	33.97	429119
506.59	34.00	429366
507.95	34.07	429613
509.34	34.14	429860
509.74	34.17	430107
511.18	34.24	430355
512.63	34.31	430602
513.11	34.34	430850
514.62	34.41	431097
517.15	34.51	431344
517.68	34.54	431591
520.25	34.64	431838
519.83	34.64	432085
521.46	34.71	432332
524.11	34.81	432580
524.76	34.85	432827
526.46	34.92	433074
528.17	34.98	433321
529.91	35.05	433568
531.67	35.12	433815
533.46	35.19	434062
535.26	35.25	434310
537.09	35.32	434557
539.95	35.42	434804
540.82	35.46	435051
542.73	35.53	435298
544.66	35.59	435546
546.63	35.66	435793
548.62	35.73	436040
551.64	35.83	436287
552.67	35.87	436534
554.75	35.93	436781
556.85	36.00	437028
558.98	36.07	437275
561.14	36.14	437523
563.32	36.21	437770
566.53	36.31	438017
567.75	36.34	438264
570.02	36.41	438511
572.31	36.48	438758
574.63	36.54	439005
576.97	36.61	439252
579.35	36.68	439500
582.75	36.78	439747
584.16	36.82	439995
586.62	36.88	440242
589.10	36.95	440489
592.61	37.05	440736
594.13	37.09	440983
596.70	37.16	441230
599.29	37.22	441477
601.91	37.29	441724
603.55	37.33	441972
607.25	37.43	442219
609.94	37.50	442466
612.67	37.56	442714
615.41	37.63	442961
617.19	37.66	443208
621.01	37.77	443455
622.83	37.80	443702
625.70	37.87	443949
628.59	37.94	444196
631.50	38.00	444444
633.45	38.04	444691
636.42	38.11	444938
639.43	38.17	445185
641.45	38.21	445432
645.51	38.31	445679
647.57	38.34	445926
649.67	38.38	446174
652.80	38.45	446421
655.96	38.51	446668
659.13	38.58	446916
661.32	38.62	447163
663.54	38.65	447410
667.80	38.75	447657
670.05	38.79	447904
673.34	38.85	448151
676.65	38.92	448398
678.97	38.96	448645
681.33	38.99	448893
684.72	39.06	449140
687.13	39.09	449387
690.56	39.16	449634
693.02	39.19	449882
695.50	39.23	450129
699.01	39.30	450376
701.53	39.33	450623
704.07	39.36	450870
706.64	39.40	451118
710.23	39.46	451365
712.83	39.50	451613
715.45	39.53	451860
718.10	39.57	452107
720.76	39.60	452354
723.45	39.63	452601
726.15	39.67	452848
728.87	39.70	453096
731.61	39.74	453343
735.37	39.80	453590
737.12	39.80	453837
739.91	39.84	454084
742.71	39.87	454332
744.53	39.87	454579
747.37	39.91	454826
751.22	39.97	455073
753.07	39.97	455321
755.95	40.01	455568
757.84	40.01	455815
759.75	40.01	456062
763.68	40.08	456309
765.60	40.08	456557
767.54	40.08	456804
770.50	40.11	457051
772.47	40.11	457298
774.45	40.11	457545
776.44	40.11	457792
779.45	40.14	458040
781.45	40.14	458287
783.47	40.14	458534
785.49	40.14	458782
788.53	40.18	459029
789.55	40.14	459276
791.60	40.14	459523
794.65	40.18	459770
795.69	40.14	460017
798.76	40.18	460264
799.80	40.14	460511
801.87	40.14	460759
802.58	40.11	461006
802.62	40.11	461253
803.64	40.14	461500
802.65	40.11	461747
801.69	40.08	461995
801.74	40.08	462242
801.79	40.08	462489
801.82	40.08	462736
800.86	40.04	462983
799.92	40.01	463230
799.99	40.01	463478
799.06	39.97	463725
799.14	39.97	463972
797.22	39.91	464219
796.34	39.87	464467
797.44	39.91	464714
796.53	39.87	464961
795.62	39.84	465208
794.73	39.80	465455
793.84	39.77	465702
792.96	39.74	465949
792.09	39.70	466197
791.23	39.67	466444
790.36	39.63	466691
789.51	39.60	466938
787.67	39.53	467185
787.84	39.53	467432
786.00	39.46	467679
785.17	39.43	467927
784.35	39.40	468175
783.51	39.36	468422
781.69	39.30	468669
780.88	39.26	468916
779.08	39.19	469163
778.29	39.16	469410
775.51	39.06	469657
775.74	39.06	469905
772.97	38.96	470152
773.21	38.96	470399
771.42	38.89	470646
769.66	38.82	470893
767.91	38.75	471141
767.15	38.72	471388
764.40	38.62	471635
762.68	38.55	471882
761.96	38.51	472129
760.23	38.45	472377
758.50	38.38	472624
755.80	38.28	472871
755.10	38.24	473118
753.39	38.17	473365
751.67	38.11	473613
749.97	38.04	473860
747.27	37.94	474107
746.58	37.90	474354
743.89	37.80	474601
743.20	37.77	474849
741.50	37.70	475096
739.79	37.63	475343
737.10	37.53	475590
736.41	37.50	475837
733.72	37.39	476085
733.03	37.36	476332
731.31	37.29	476579
728.62	37.19	476826
725.95	37.09	477074
725.29	37.05	477321
722.62	36.95	477568
720.96	36.88	477815
719.29	36.82	478062
717.62	36.75	478310
716.93	36.71	478557
715.23	36.65	478804
713.52	36.58	479051
710.82	36.48	479298
709.13	36.41	479545
707.45	36.34	479792
703.79	36.21	480040
703.14	36.17	480287
701.48	36.10	480534
699.81	36.04	480781
697.15	35.93	481028
696.48	35.90	481276
694.80	35.83	481523
693.10	35.76	481771
690.42	35.66	482018
688.74	35.59	482265
687.07	35.53	482513
685.39	35.46	482760
684.70	35.42	483007
682.00	35.32	483254
680.31	35.25	483502
678.63	35.19	483749
676.94	35.12	483996
675.25	35.05	484243
673.55	34.98	484490
670.82	34.88	484738
669.08	34.81	484985
667.31	34.75	485232
666.51	34.71	485479
664.67	34.64	485726
662.79	34.58	485973
660.89	34.51	486221
657.96	34.41	486468
658.02	34.41	486715
655.02	34.31	486962
654.01	34.27	487209
650.96	34.17	487456
648.90	34.10	487703
646.83	34.03	487951
645.72	34.00	488198
643.57	33.93	488445
642.40	33.90	488692
640.19	33.83	488939
637.96	33.76	489186
635.71	33.69	489433
633.44	33.63	489681
632.14	33.59	489928
629.81	33.52	490176
628.46	33.49	490423
626.08	33.42	490670
624.68	33.39	490917
622.25	33.32	491164
619.80	33.25	491411
618.33	33.22	491658
615.83	33.15	491906
615.32	33.15	492153
611.76	33.05	492400
610.20	33.02	492648
608.62	32.98	492895
606.01	32.91	493142
605.38	32.91	493389
602.71	32.85	493636
600.04	32.78	493883
599.35	32.78	494130
596.63	32.71	494378
594.90	32.68	494625
593.14	32.64	494873
591.37	32.61	495120
588.57	32.54	495367
587.77	32.54	495614
585.93	32.51	495861
583.08	32.44	496108
581.22	32.41	496355
580.35	32.41	496603
578.44	32.37	496850
575.52	32.30	497097
574.60	32.30	497344
572.65	32.27	497591
570.68	32.24	497839
568.71	32.20	498086
566.72	32.17	498333
565.71	32.17	498580
563.69	32.13	498827
561.65	32.10	499074
559.61	32.07	499321
558.55	32.07	499569
556.47	32.03	499816
554.39	32.00	500063
551.30	31.93	500310
551.21	31.97	500557
549.08	31.93	500804
547.96	31.93	501051
545.81	31.90	501298
544.65	31.90	501546
543.48	31.90	501793
542.29	31.90	502040
540.09	31.86	502288
537.88	31.83	502535
537.69	31.86	502782
535.46	31.83	503029
534.24	31.83	503276
533.01	31.83	503523
531.78	31.83	503770
530.53	31.83	504018
528.28	31.80	504265
526.04	31.76	504512
525.81	31.80	504759
524.55	31.80	505006
524.28	31.83	505254
522.00	31.80	505501
520.73	31.80	505748
519.46	31.80	505995
518.18	31.80	506242
516.90	31.80	506490
515.62	31.80	506737
515.34	31.83	506984
513.05	31.80	507231
512.77	31.83	507478
511.48	31.83	507726
510.19	31.83	507973
509.91	31.86	508220
508.61	31.86	508467
508.32	31.90	508714
507.02	31.90	508962
505.73	31.90	509209
505.44	31.93	509456
504.15	31.93	509703
503.88	31.97	509950
502.60	31.97	510198
502.33	32.00	510445
501.06	32.00	510692
499.80	32.00	510939
500.55	32.07	511187
499.29	32.07	511434
498.04	32.07	511681
497.80	32.10	511928
497.56	32.13	512175
497.33	32.17	512422
496.09	32.17	512669
495.88	32.20	512917
495.66	32.24	513164
495.45	32.27	513411
495.25	32.30	513659
494.05	32.30	513906
494.87	32.37	514153
492.69	32.34	514400
493.54	32.41	514647
493.39	32.44	514894
493.24	32.47	515141
494.11	32.54	515389
492.96	32.54	515636
493.85	32.61	515883
492.73	32.61	516131
493.65	32.68	516378
493.56	32.71	516625
493.48	32.75	516872
493.42	32.78	517119
494.38	32.85	517366
494.34	32.88	517614
493.33	32.88	517861
495.34	32.98	518108
495.35	33.02	518355
496.36	33.08	518603
496.40	33.12	518850
496.45	33.15	519097
496.52	33.19	519344
497.62	33.25	519591
498.73	33.32	519838
497.85	33.32	520085
499.00	33.39	520333
500.17	33.46	520580
501.35	33.52	520827
501.53	33.56	521074
502.75	33.63	521322
502.97	33.66	521569
504.23	33.73	521816
504.50	33.76	522063
505.80	33.83	522310
507.11	33.90	522557
508.44	33.97	522804
508.79	34.00	523051
510.16	34.07	523299
510.55	34.10	523546
511.98	34.17	523794
513.42	34.24	524041
514.88	34.31	524288
516.36	34.37	524535
517.85	34.44	524783
518.37	34.47	525030
519.92	34.54	525277
521.49	34.61	525524
523.09	34.68	525771
524.70	34.75	526018
525.34	34.78	526266
527.01	34.85	526513
527.71	34.88	526760
530.44	34.98	527007
532.18	35.05	527254
533.93	35.12	527502
534.71	35.15	527749
537.53	35.25	527996
538.36	35.29	528243
540.22	35.36	528491
542.11	35.42	528738
544.01	35.49	528985
545.95	35.56	529232
547.91	35.63	529479
549.89	35.70	529727
551.90	35.76	529974
553.93	35.83	530221
555.99	35.90	530469
558.07	35.97	530716
561.19	36.07	530963
562.31	36.10	531210
564.48	36.17	531457
567.68	36.27	531705
568.89	36.31	531952
572.14	36.41	532199
574.40	36.48	532447
575.70	36.51	532694
579.04	36.61	532941
582.40	36.71	533189
583.76	36.75	533436
585.18	36.78	533683
589.64	36.92	533930
592.10	36.99	534177
593.59	37.02	534424
596.12	37.09	534671
598.68	37.16	534919
601.27	37.22	535166
604.89	37.33	535414
606.53	37.36	535661
610.20	37.46	535908
611.89	37.50	536155
615.63	37.60	536402
617.37	37.63	536649
621.16	37.73	536896
623.95	37.80	537144
626.79	37.87	537391
627.64	37.87	537638
631.56	37.97	537885
634.49	38.04	538132
637.44	38.11	538380
640.42	38.17	538627
642.42	38.21	538874
646.47	38.31	539121
648.52	38.34	539368
651.61	38.41	539616
654.72	38.48	539863
656.85	38.51	540111
659.02	38.55	540358
662.23	38.62	540605
666.46	38.72	540852
668.69	38.75	541100
671.96	38.82	541347
674.24	38.85	541594
676.56	38.89	541841
679.91	38.96	542089
683.28	39.02	542336
686.66	39.09	542583
690.06	39.16	542830
692.48	39.19	543077
694.93	39.23	543325
698.41	39.30	543572
700.91	39.33	543819
703.44	39.36	544067
707.00	39.43	544314
709.57	39.46	544561
712.17	39.50	544809
713.79	39.50	545056
718.45	39.60	545303
720.10	39.60	545550
723.79	39.67	545797
725.49	39.67	546044
729.21	39.74	546291
731.94	39.77	546539
734.69	39.80	546786
737.46	39.84	547033
740.24	39.87	547280
742.04	39.87	547527
744.87	39.91	547775
747.72	39.94	548022
750.58	39.97	548269
752.44	39.97	548516
755.34	40.01	548764
758.24	40.04	549011
761.15	40.08	549258
763.07	40.08	549505
766.01	40.11	549752
767.95	40.11	549999
769.92	40.11	550247
772.90	40.14	550494
774.88	40.14	550741
776.88	40.14	550988
778.90	40.14	551235
780.92	40.14	551482
783.96	40.18	551729
785.99	40.18	551976
787.03	40.14	552224
790.08	40.18	552471
792.13	40.18	552718
794.18	40.18	552965
796.24	40.18	553212
797.30	40.14	553459
799.37	40.14	553706
801.45	40.14	553954
803.53	40.14	554201
802.58	40.11	554448
803.61	40.14	554695
802.63	40.11	554942
801.67	40.08	555189
801.73	40.08	555437
801.78	40.08	555684
800.82	40.04	555931
800.88	40.04	556178
799.94	40.01	556425
800.01	40.01	556673
799.08	39.97	556920
799.15	39.97	557167
797.23	39.91	557414
797.34	39.91	557662
797.42	39.91	557909
795.52	39.84	558156
795.63	39.84	558403
794.73	39.80	558650
793.85	39.77	558897
792.97	39.74	559145
792.10	39.70	559392
791.23	39.67	559639
790.37	39.63	559887
789.51	39.60	560134
787.68	39.53	560381
787.84	39.53	560628
786.00	39.46	560875
785.17	39.43	561122
783.36	39.36	561370
782.55	39.33	561617
781.75	39.30	561864
780.93	39.26	562111
779.12	39.19	562358
777.33	39.13	562605
776.55	39.09	562853
775.76	39.06	563100
773.97	38.99	563347
773.19	38.96	563594
771.40	38.89	563841
769.64	38.82	564088
766.90	38.72	564336
767.16	38.72	564583
765.40	38.65	564830
762.66	38.55	565078
760.96	38.48	565325
761.23	38.48	565572
758.49	38.38	565819
756.77	38.31	566066
755.06	38.24	566313
753.35	38.17	566561
751.64	38.11	566808
749.94	38.04	567055
748.24	37.97	567302
747.53	37.94	567550
744.82	37.83	567797
743.12	37.77	568044
742.42	37.73	568291
740.70	37.66	568538
738.98	37.60	568785
737.26	37.53	569033
734.56	37.43	569280
733.86	37.39	569527
733.14	37.36	569775
730.42	37.26	570022
728.71	37.19	570269
727.02	37.12	570516
725.32	37.05	570763
723.62	36.99	571010
721.92	36.92	571257
720.22	36.85	571505
718.53	36.78	571752
716.83	36.71	571999
716.13	36.68	572247
713.42	36.58	572494
711.72	36.51	572741
710.03	36.44	572989
708.33	36.37	573236
706.64	36.31	573483
704.95	36.24	573730
703.25	36.17	573977
701.56	36.10	574225
699.86	36.04	574472
699.16	36.00	574719
696.45	35.90	574966
694.75	35.83	575213
693.06	35.76	575460
692.35	35.73	575707
689.64	35.63	575955
687.95	35.56	576202
686.26	35.49	576449
684.57	35.42	576696
682.88	35.36	576943
682.18	35.32	577190
679.47	35.22	577437
677.78	35.15	577685
676.09	35.09	577932
673.41	34.98	578180
673.71	34.98	578427
670.95	34.88	578674
669.18	34.81	578921
667.39	34.75	579168
666.56	34.71	579415
663.70	34.61	579662
661.83	34.54	579910
660.92	34.51	580157
657.98	34.41	580404
657.03	34.37	580651
654.03	34.27	580899
652.03	34.20	581146
650.99	34.17	581393
648.92	34.10	581640
647.82	34.07	581887
644.68	33.97	582134
643.54	33.93	582381
641.35	33.86	582629
639.15	33.80	582876
636.92	33.73	583123
635.67	33.69	583370
633.38	33.63	583618
631.07	33.56	583865
629.74	33.52	584112
627.38	33.46	584359
626.00	33.42	584606
623.58	33.36	584853
622.15	33.32	585100
