Opening port
Port open
283
284
284
284
284
285
286
284
284
284
284
285
284
285
284
284
284
284
284
284
285
284
285
284
284
285
285
284
284
285
284
285
285
284
285
284
285
285
286
285
285
284
286
284
285
284
285
284
285
284
285
285
285
280
282
282
282
282
283
283
283
283
283
283
283
283
283
283
283
284
284
283
283
284
283
283
283
284
284
283
283
283
283
283
283
284
284
283
283
283
284
283
283
283
283
283
283
283
283
284
283
283
283
283
284
283
283
283
283
283
283
283
283
283
283
283
283
283
283
283
283
283
283
283
283
283
283
283
283
283
283
283
283
284
283
284
283
283
284
284
284
283
283
284
284
284
283
284
284
284
284
283
283
284
283
284
284
284
283
284
284
284
284
283
284
283
284
283
284
284
282
273
273
273
273
273
276
277
277
277
277
277
277
276
277
277
277
277
277
277
277
277
277
276
277
277
277
277
277
277
277
277
276
277
277
277
277
277
277
277
277
276
277
277
277
277
277
277
277
277
277
277
277
277
277
277
277
277
276
277
277
277
277
277
277
277
277
277
277
277
277
276
277
277
277
277
276
276
277
276
277
277
276
276
276
276
277
276
276
276
277
276
276
276
276
276
276
276
282
282
282
282
281
282
281
282
281
281
280
281
280
280
280
281
281
281
281
281
281
281
281
281
281
281
281
281
281
281
280
281
281
281
281
281
281
280
280
281
281
281
280
281
281
282
282
281
281
281
286
290
283
283
282
284
284
283
277
282
281
281
280
281
281
281
281
281
281
281
281
281
281
281
280
281
281
281
281
281
281
281
280
280
281
281
281
281
280
281
280
281
280
281
280
280
280
280
280
280
280
281
281
280
280
280
280
280
280
280
280
280
280
280
280
280
281
280
280
280
281
280
280
280
281
280
280
281
280
280
280
280
280
280
280
280
280
281
280
281
280
280
280
280
280
280
280
280
280
280
280
281
280
280
281
281
281
280
280
281
280
280
280
280
281
280
280
280
279
467.88	20.60	80090
468.92	20.63	80338
465.89	20.53	80585
467.94	20.60	80832
468.97	20.63	81079
468.99	20.63	81326
467.99	20.60	81573
468.01	20.60	81820
468.03	20.60	82067
469.06	20.63	82314
469.08	20.63	82562
469.10	20.63	82809
469.12	20.63	83056
469.14	20.63	83303
470.17	20.66	83550
468.16	20.60	83797
469.19	20.63	84044
469.21	20.63	84291
469.23	20.63	84538
470.26	20.66	84785
470.28	20.66	85032
470.30	20.66	85279
470.32	20.66	85526
469.33	20.63	85773
470.36	20.66	86020
470.38	20.66	86267
471.42	20.70	86514
469.41	20.63	86761
470.44	20.66	87008
470.46	20.66	87256
469.47	20.63	87503
471.51	20.70	87750
470.52	20.66	87997
471.55	20.70	88244
469.55	20.63	88491
470.58	20.66	88738
470.60	20.66	88985
470.62	20.66	89232
470.64	20.66	89479
469.65	20.63	89726
470.68	20.66	89973
470.70	20.66	90220
470.72	20.66	90467
470.74	20.66	90714
470.76	20.66	90961
470.78	20.66	91209
470.80	20.66	91456
469.80	20.63	91703
471.85	20.70	91950
469.84	20.63	92197
469.86	20.63	92444
470.90	20.66	92691
469.90	20.63	92938
470.93	20.66	93185
469.94	20.63	93432
471.99	20.70	93679
469.98	20.63	93926
470.00	20.63	94173
471.03	20.66	94421
471.05	20.66	94668
470.06	20.63	94915
469.06	20.60	95162
469.08	20.60	95409
471.13	20.66	95656
470.13	20.63	95903
470.15	20.63	96150
470.17	20.63	96397
470.19	20.63	96644
470.21	20.63	96891
471.24	20.66	97138
471.26	20.66	97385
471.28	20.66	97633
471.30	20.66	97880
471.32	20.66	98127
470.33	20.63	98374
472.37	20.70	98621
472.39	20.70	98868
472.41	20.70	99115
473.45	20.73	99362
472.46	20.70	99609
473.49	20.73	99856
472.50	20.70	100103
473.53	20.73	100350
473.56	20.73	100597
473.58	20.73	100844
474.61	20.76	101091
474.64	20.76	101338
476.69	20.83	101586
475.70	20.80	101833
476.74	20.83	102080
478.79	20.90	102327
477.80	20.87	102574
479.86	20.93	102821
479.89	20.93	103068
481.95	21.00	103315
479.95	20.93	103562
482.01	21.00	103809
484.06	21.07	104057
484.09	21.07	104304
485.14	21.10	104551
486.19	21.14	104798
487.24	21.17	105045
487.27	21.17	105292
488.33	21.20	105539
489.38	21.24	105786
490.43	21.27	106033
490.46	21.27	106280
492.53	21.34	106527
493.59	21.37	106774
493.63	21.37	107021
493.67	21.37	107268
495.74	21.44	107515
495.78	21.44	107762
496.84	21.47	108010
498.91	21.54	108257
497.95	21.51	108504
499.00	21.54	108751
500.07	21.58	108998
500.12	21.58	109245
502.19	21.64	109492
503.26	21.68	109739
505.33	21.74	109986
504.37	21.71	110233
505.44	21.74	110481
505.49	21.74	110728
507.57	21.81	110975
506.61	21.78	111222
509.71	21.88	111469
508.75	21.85	111716
510.84	21.91	111963
510.90	21.91	112210
511.97	21.95	112457
513.04	21.98	112704
513.10	21.98	112951
513.16	21.98	113198
515.25	22.05	113445
515.31	22.05	113692
517.40	22.12	113939
518.48	22.15	114186
518.54	22.15	114434
520.64	22.22	114681
520.70	22.22	114928
521.79	22.25	115175
522.87	22.29	115422
523.95	22.32	115669
523.01	22.29	115916
524.09	22.32	116163
525.18	22.35	116410
528.29	22.45	116657
526.33	22.39	116904
528.44	22.45	117151
529.53	22.49	117398
530.61	22.52	117646
530.69	22.52	117893
531.78	22.56	118140
532.87	22.59	118387
532.95	22.59	118634
535.06	22.66	118881
535.14	22.66	119128
537.25	22.72	119375
536.31	22.69	119622
537.41	22.72	119869
538.51	22.76	120117
540.62	22.83	120364
540.71	22.83	120611
539.77	22.79	120858
541.89	22.86	121105
544.01	22.93	121352
543.08	22.89	121599
545.19	22.96	121846
545.28	22.96	122093
545.37	22.96	122340
547.49	23.03	122587
547.58	23.03	122834
548.69	23.06	123082
549.79	23.10	123329
550.90	23.13	123576
552.01	23.16	123823
552.10	23.16	124070
552.20	23.16	124317
554.33	23.23	124564
554.42	23.23	124811
556.55	23.30	125058
557.67	23.33	125306
556.75	23.30	125553
556.85	23.30	125800
558.98	23.37	126047
558.06	23.33	126294
561.21	23.43	126541
560.30	23.40	126788
561.42	23.43	127035
562.53	23.47	127282
563.65	23.50	127529
563.76	23.50	127776
563.86	23.50	128024
564.98	23.54	128271
567.12	23.60	128518
566.21	23.57	128765
566.32	23.57	129012
568.46	23.64	129259
568.57	23.64	129506
570.71	23.70	129754
569.80	23.67	130001
570.93	23.70	130248
572.06	23.74	130496
573.18	23.77	130743
574.31	23.81	130990
573.41	23.77	131237
574.54	23.81	131484
574.65	23.81	131731
574.77	23.81	131978
574.88	23.81	132225
576.01	23.84	132472
577.14	23.87	132720
579.29	23.94	132967
578.39	23.91	133214
580.54	23.98	133461
579.64	23.94	133708
579.76	23.94	133955
579.88	23.94	134202
583.04	24.04	134449
582.15	24.01	134696
582.27	24.01	134943
582.39	24.01	135191
583.53	24.04	135438
582.63	24.01	135685
584.79	24.08	135932
584.91	24.08	136179
585.03	24.08	136426
585.15	24.08	136673
586.29	24.11	136920
586.41	24.11	137167
586.54	24.11	137415
588.69	24.18	137662
586.78	24.11	137909
588.94	24.18	138156
589.07	24.18	138403
590.21	24.21	138650
589.32	24.18	138897
589.44	24.18	139144
591.60	24.25	139391
590.71	24.21	139638
591.85	24.25	139886
591.98	24.25	140133
593.12	24.28	140380
593.25	24.28	140627
592.36	24.25	140874
593.51	24.28	141121
592.62	24.25	141368
592.75	24.25	141615
594.91	24.31	141862
595.03	24.31	142110
594.15	24.28	142357
594.28	24.28	142604
595.42	24.31	142851
594.54	24.28	143098
595.68	24.31	143345
595.81	24.31	143592
595.94	24.31	143839
596.07	24.31	144086
596.20	24.31	144333
595.31	24.28	144581
595.44	24.28	144828
596.58	24.31	145075
595.70	24.28	145322
596.84	24.31	145569
597.98	24.35	145816
598.11	24.35	146063
596.22	24.28	146310
596.34	24.28	146557
598.50	24.35	146805
596.60	24.28	147052
596.73	24.28	147299
597.87	24.31	147546
596.99	24.28	147794
598.13	24.31	148041
597.25	24.28	148288
597.38	24.28	148535
599.53	24.35	148782
596.62	24.25	149029
597.76	24.28	149276
596.87	24.25	149523
598.02	24.28	149770
597.13	24.25	150017
597.26	24.25	150264
598.40	24.28	150511
597.51	24.25	150758
598.66	24.28	151005
597.77	24.25	151252
596.88	24.21	151499
597.01	24.21	151746
597.13	24.21	151993
598.27	24.25	152240
596.37	24.18	152488
597.51	24.21	152735
595.61	24.14	152982
595.73	24.14	153229
595.85	24.14	153476
595.98	24.14	153723
597.12	24.18	153970
597.25	24.18	154217
596.35	24.14	154464
597.50	24.18	154712
596.60	24.14	154959
595.71	24.11	155206
595.84	24.11	155453
595.96	24.11	155700
596.08	24.11	155947
596.21	24.11	156194
595.31	24.08	156441
595.44	24.08	156688
594.54	24.04	156935
596.70	24.11	157182
595.80	24.08	157430
594.91	24.04	157677
596.05	24.08	157924
595.15	24.04	158171
593.24	23.98	158418
595.39	24.04	158665
593.48	23.98	158912
594.62	24.01	159159
594.74	24.01	159406
593.84	23.98	159653
594.98	24.01	159900
592.05	23.91	160147
593.18	23.94	160394
592.29	23.91	160641
592.40	23.91	160888
592.52	23.91	161135
591.62	23.87	161383
592.76	23.91	161630
591.86	23.87	161877
590.96	23.84	162124
591.07	23.84	162371
591.19	23.84	162618
592.32	23.87	162865
590.40	23.81	163112
590.52	23.81	163359
589.62	23.77	163606
589.73	23.77	163853
590.86	23.81	164100
588.94	23.74	164347
589.06	23.74	164594
589.17	23.74	164841
588.26	23.70	165089
587.36	23.67	165336
588.48	23.70	165584
587.58	23.67	165831
588.71	23.70	166078
586.79	23.64	166326
587.91	23.67	166573
588.02	23.67	166820
587.12	23.64	167067
588.24	23.67	167314
587.34	23.64	167561
586.43	23.60	167808
586.54	23.60	168055
585.63	23.57	168302
585.74	23.57	168549
584.83	23.54	168796
585.95	23.57	169043
586.06	23.57	169290
585.15	23.54	169537
584.24	23.50	169784
585.36	23.54	170031
585.47	23.54	170278
583.54	23.47	170525
583.64	23.47	170773
583.75	23.47	171020
582.84	23.43	171267
582.94	23.43	171514
583.04	23.43	171761
583.15	23.43	172008
583.25	23.43	172255
582.34	23.40	172503
582.44	23.40	172751
583.56	23.43	172998
582.65	23.40	173245
581.73	23.37	173492
580.82	23.33	173739
580.92	23.33	173986
581.02	23.33	174233
580.10	23.30	174480
580.20	23.30	174728
579.28	23.27	174975
579.38	23.27	175222
580.50	23.30	175469
579.58	23.27	175716
579.68	23.27	175963
578.76	23.23	176210
577.84	23.20	176457
577.94	23.20	176704
579.05	23.23	176951
578.13	23.20	177198
579.24	23.23	177445
578.32	23.20	177692
577.40	23.16	177940
578.52	23.20	178187
576.58	23.13	178434
576.67	23.13	178681
577.78	23.16	178928
576.86	23.13	179175
576.96	23.13	179422
577.05	23.13	179669
575.12	23.06	179916
575.21	23.06	180163
575.30	23.06	180410
575.39	23.06	180657
575.48	23.06	180904
575.57	23.06	181151
575.67	23.06	181399
574.74	23.03	181646
574.83	23.03	181893
574.93	23.03	182140
574.00	22.99	182387
573.07	22.96	182634
575.20	23.03	182881
573.25	22.96	183128
573.34	22.96	183375
573.43	22.96	183622
573.52	22.96	183869
572.60	22.93	184116
572.68	22.93	184363
572.77	22.93	184610
571.84	22.89	184857
570.91	22.86	185104
572.01	22.89	185352
572.10	22.89	185599
572.19	22.89	185846
571.26	22.86	186093
572.36	22.89	186340
571.43	22.86	186587
570.50	22.83	186834
570.59	22.83	187081
569.66	22.79	187328
569.74	22.79	187575
569.82	22.79	187822
569.91	22.79	188069
568.98	22.76	188316
569.06	22.76	188563
569.14	22.76	188810
568.21	22.72	189057
568.29	22.72	189304
568.38	22.72	189552
568.46	22.72	189799
567.52	22.69	190046
568.62	22.72	190293
568.70	22.72	190540
567.77	22.69	190787
567.85	22.69	191034
566.91	22.66	191281
565.98	22.62	191528
567.07	22.66	191775
566.14	22.62	192022
567.23	22.66	192270
567.31	22.66	192517
568.40	22.69	192764
566.46	22.62	193011
566.53	22.62	193258
565.60	22.59	193505
567.70	22.66	193752
566.77	22.62	193999
564.82	22.56	194246
564.89	22.56	194493
564.97	22.56	194741
564.03	22.52	194988
565.12	22.56	195235
565.20	22.56	195482
565.28	22.56	195729
564.34	22.52	195976
565.43	22.56	196223
564.49	22.52	196470
564.57	22.52	196717
563.63	22.49	196964
563.70	22.49	197212
564.79	22.52	197459
563.85	22.49	197706
563.93	22.49	197953
564.00	22.49	198200
563.06	22.45	198447
564.15	22.49	198694
563.21	22.45	198941
562.27	22.42	199188
562.34	22.42	199436
563.43	22.45	199683
562.49	22.42	199930
563.58	22.45	200177
561.62	22.39	200425
562.70	22.42	200672
561.76	22.39	200919
561.83	22.39	201166
561.91	22.39	201413
561.98	22.39	201660
561.04	22.35	201907
562.12	22.39	202154
561.18	22.35	202401
560.23	22.32	202648
561.32	22.35	202895
561.39	22.35	203142
561.46	22.35	203389
560.51	22.32	203636
560.58	22.32	203883
562.68	22.39	204131
559.71	22.29	204378
561.81	22.35	204625
559.85	22.29	204872
560.93	22.32	205119
561.00	22.32	205366
561.07	22.32	205613
562.16	22.35	205861
560.20	22.29	206108
560.26	22.29	206355
559.32	22.25	206602
559.39	22.25	206849
560.47	22.29	207096
561.55	22.32	207343
559.59	22.25	207590
558.64	22.22	207837
559.73	22.25	208084
559.79	22.25	208331
558.84	22.22	208578
559.93	22.25	208826
560.00	22.25	209073
559.05	22.22	209320
559.11	22.22	209567
560.20	22.25	209814
560.26	22.25	210061
559.31	22.22	210308
560.40	22.25	210555
559.45	22.22	210802
558.50	22.18	211049
560.60	22.25	211296
557.62	22.15	211543
558.70	22.18	211790
557.75	22.15	212037
558.83	22.18	212285
557.88	22.15	212532
558.96	22.18	212779
559.02	22.18	213026
558.08	22.15	213273
558.14	22.15	213520
558.20	22.15	213767
558.27	22.15	214014
558.33	22.15	214262
558.40	22.15	214509
558.46	22.15	214756
557.51	22.12	215003
557.57	22.12	215250
558.65	22.15	215497
557.70	22.12	215745
556.75	22.08	215992
556.81	22.08	216239
556.88	22.08	216486
556.94	22.08	216733
558.01	22.12	216981
558.08	22.12	217228
558.14	22.12	217475
558.20	22.12	217722
559.29	22.15	217969
557.32	22.08	218216
558.40	22.12	218463
557.44	22.08	218710
558.52	22.12	218957
558.58	22.12	219204
558.65	22.12	219452
557.70	22.08	219699
557.76	22.08	219946
557.82	22.08	220193
557.88	22.08	220440
556.93	22.05	220687
558.01	22.08	220934
556.04	22.01	221181
556.10	22.01	221428
558.19	22.08	221676
558.25	22.08	221923
558.32	22.08	222170
558.38	22.08	222417
557.43	22.05	222664
556.47	22.01	222911
559.58	22.12	223158
558.63	22.08	223405
557.68	22.05	223652
559.77	22.12	223899
557.80	22.05	224146
558.88	22.08	224393
558.94	22.08	224640
557.99	22.05	224887
559.06	22.08	225134
558.11	22.05	225381
559.19	22.08	225628
558.24	22.05	225875
558.30	22.05	226122
557.34	22.01	226369
557.40	22.01	226617
558.48	22.05	226864
557.52	22.01	227111
558.60	22.05	227358
557.65	22.01	227605
557.71	22.01	227852
559.80	22.08	228099
556.81	21.98	228346
557.89	22.01	228593
558.97	22.05	228840
557.00	21.98	229087
558.07	22.01	229335
559.15	22.05	229582
559.21	22.05	229829
558.25	22.01	230076
559.33	22.05	230323
557.36	21.98	230570
559.45	22.05	230817
558.50	22.01	231064
558.56	22.01	231311
558.62	22.01	231558
558.68	22.01	231805
559.75	22.05	232052
558.80	22.01	232300
559.88	22.05	232547
557.91	21.98	232794
558.98	22.01	233041
558.03	21.98	233288
558.09	21.98	233535
560.18	22.05	233782
560.24	22.05	234029
558.27	21.98	234276
559.34	22.01	234523
559.40	22.01	234770
560.48	22.05	235017
559.52	22.01	235264
559.58	22.01	235511
560.66	22.05	235759
558.69	21.98	236006
561.80	22.08	236253
558.81	21.98	236500
558.87	21.98	236747
559.95	22.01	236994
557.98	21.95	237241
559.05	21.98	237488
558.10	21.95	237735
560.18	22.01	237982
561.26	22.05	238229
561.32	22.05	238476
560.37	22.01	238724
559.41	21.98	238971
561.50	22.05	239218
559.53	21.98	239465
559.59	21.98	239712
559.65	21.98	239959
560.73	22.01	240206
557.74	21.91	240453
558.82	21.95	240700
558.87	21.95	240947
557.92	21.91	241194
560.00	21.98	241441
560.06	2
Port closed
Uploading to I/O board
