850.00	56.02	49316
850.00	56.19	49563
850.00	56.29	49811
850.00	56.46	50058
850.00	56.63	50305
850.00	56.80	50552
850.00	56.94	50800
850.00	57.11	51047
850.00	57.25	51294
850.00	57.42	51541
850.00	57.55	51789
850.00	57.69	52036
850.00	57.83	52283
850.00	58.03	52530
850.00	58.17	52777
850.00	58.30	53025
850.00	58.51	53272
850.00	58.61	53519
850.00	58.75	53766
850.00	58.89	54013
850.00	59.06	54261
850.00	59.19	54508
850.00	59.36	54755
850.00	59.50	55002
850.00	59.67	55249
850.00	59.77	55497
850.00	59.91	55744
850.00	60.08	55991
850.00	60.25	56238
850.00	60.39	56485
850.00	60.53	56733
850.00	60.70	56980
850.00	60.80	57227
850.00	60.97	57474
850.00	61.07	57721
850.00	61.21	57968
850.00	61.35	58215
850.00	61.48	58462
850.00	61.62	58710
850.00	61.76	58957
850.00	61.89	59205
850.00	62.06	59452
850.00	62.17	59699
850.00	62.30	59946
850.00	62.41	60193
850.00	62.54	60440
850.00	62.68	60687
850.00	62.78	60935
850.00	62.89	61182
850.00	63.02	61429
850.00	63.16	61677
850.00	63.26	61924
850.00	63.40	62171
850.00	63.50	62418
850.00	63.60	62665
850.00	63.71	62912
850.00	63.78	63159
850.00	63.95	63406
850.00	64.02	63654
850.00	64.12	63901
850.00	64.25	64148
850.00	64.32	64395
850.00	64.43	64642
850.00	64.49	64889
850.00	64.60	65136
850.00	64.67	65384
850.00	64.77	65631
850.00	64.84	65878
850.00	64.90	66125
850.00	64.97	66372
850.00	65.04	66620
850.00	65.11	66867
850.00	65.18	67114
850.00	65.21	67361
850.00	65.28	67608
850.00	65.32	67856
850.00	65.35	68103
850.00	65.42	68350
850.00	65.45	68597
850.00	65.45	68844
850.00	65.49	69091
850.00	65.52	69338
850.00	65.52	69586
850.00	65.56	69833
850.00	65.56	70080
850.00	65.59	70327
850.00	65.56	70574
850.00	65.56	70821
850.00	65.56	71069
850.00	65.59	71316
850.00	65.52	71563
850.00	65.52	71810
850.00	65.52	72057
850.00	65.49	72304
850.00	65.45	72551
850.00	65.42	72799
850.00	65.38	73046
850.00	65.38	73293
850.00	65.35	73540
850.00	65.28	73787
850.00	65.25	74035
850.00	65.21	74282
850.00	65.14	74530
850.00	65.08	74777
850.00	65.04	75024
850.00	64.97	75271
850.00	64.87	75519
850.00	64.84	75766
850.00	64.77	76013
850.00	64.73	76260
850.00	64.63	76508
850.00	64.56	76755
850.00	64.46	77002
850.00	64.36	77249
850.00	64.29	77496
850.00	64.19	77744
850.00	64.12	77991
850.00	64.02	78238
850.00	63.91	78485
850.00	63.78	78732
850.00	63.67	78980
850.00	63.57	79227
850.00	63.47	79474
850.00	63.36	79721
850.00	63.23	79969
850.00	63.13	80216
850.00	63.02	80463
850.00	62.89	80710
850.00	62.78	80957
850.00	62.61	81204
850.00	62.54	81452
850.00	62.41	81699
850.00	62.27	81946
850.00	62.13	82193
850.00	62.03	82441
850.00	61.89	82688
850.00	61.76	82935
850.00	61.62	83182
850.00	61.48	83429
850.00	61.35	83676
850.00	61.21	83924
850.00	61.07	84171
850.00	60.94	84418
850.00	60.77	84665
850.00	60.63	84912
850.00	60.46	85159
850.00	60.32	85407
850.00	60.18	85654
850.00	59.98	85901
850.00	59.84	86148
850.00	59.71	86395
850.00	59.53	86642
850.00	59.36	86889
850.00	59.23	87137
850.00	59.06	87384
850.00	58.89	87631
850.00	58.75	87878
850.00	58.54	88125
850.00	58.41	88372
850.00	58.24	88620
850.00	58.07	88867
850.00	57.89	89114
850.00	57.76	89361
850.00	57.55	89608
850.00	57.42	89855
850.00	57.18	90103
850.00	57.07	90350
850.00	56.87	90597
850.00	56.70	90844
850.00	56.53	91091
850.00	56.36	91338
850.00	56.15	91585
850.00	55.98	91833
850.00	55.81	92080
850.00	55.61	92327
850.00	55.44	92574
850.00	55.23	92822
850.00	55.06	93069
850.00	54.86	93316
850.00	54.69	93563
850.00	54.51	93810
850.00	54.31	94057
850.00	54.11	94305
850.00	53.93	94552
850.00	53.73	94799
850.00	53.53	95047
850.00	53.35	95294
850.00	53.18	95541
850.00	52.98	95788
850.00	52.77	96035
850.00	52.64	96283
850.00	52.43	96530
850.00	52.26	96777
850.00	52.06	97024
850.00	51.89	97271
850.00	51.72	97519
850.00	51.55	97766
850.00	51.34	98013
850.00	51.14	98260
850.00	51.00	98507
850.00	50.80	98754
850.00	50.63	99001
850.00	50.46	99248
850.00	50.25	99496
850.00	50.12	99743
850.00	49.91	99990
850.00	49.81	100237
850.00	49.57	100484
850.00	49.43	100731
850.00	49.26	100978
850.00	49.09	101226
850.00	48.92	101473
850.00	48.75	101720
850.00	48.58	101967
850.00	48.45	102215
850.00	48.28	102462
850.00	48.10	102709
850.00	47.93	102956
850.00	47.76	103203
850.00	47.63	103450
850.00	47.42	103697
850.00	47.29	103944
850.00	47.15	104192
850.00	47.02	104439
850.00	46.84	104687
850.00	46.67	104934
850.00	46.50	105181
850.00	46.37	105428
850.00	46.20	105675
850.00	46.06	105922
850.00	45.93	106169
850.00	45.79	106417
850.00	45.62	106664
850.00	45.48	106911
850.00	45.35	107159
850.00	45.18	107406
850.00	45.08	107653
850.00	44.90	107900
850.00	44.77	108147
850.00	44.63	108394
850.00	44.53	108642
850.00	44.39	108889
850.00	44.22	109136
850.00	44.12	109383
850.00	43.99	109630
850.00	43.85	109878
850.00	43.71	110125
850.00	43.61	110372
850.00	43.48	110619
850.00	43.37	110866
850.00	43.24	111113
850.00	43.10	111360
850.00	42.97	111608
850.00	42.86	111855
850.00	42.76	112102
850.00	42.63	112349
850.00	42.52	112596
850.00	42.42	112843
850.00	42.32	113091
850.00	42.18	113338
850.00	42.08	113585
850.00	41.98	113832
850.00	41.88	114079
850.00	41.74	114327
850.00	41.64	114574
850.00	41.54	114821
850.00	41.40	115068
850.00	41.33	115315
850.00	41.23	115562
850.00	41.13	115809
850.00	41.03	116057
850.00	40.89	116304
850.00	40.82	116551
850.00	40.72	116799
850.00	40.62	117046
850.00	40.55	117293
850.00	40.42	117540
850.00	40.35	117787
850.00	40.25	118034
850.00	40.18	118281
850.00	40.04	118529
850.00	39.94	118776
850.00	39.87	119023
850.00	39.80	119270
850.00	39.70	119517
850.00	39.60	119764
850.00	39.53	120011
850.00	39.43	120259
850.00	39.36	120506
850.00	39.26	120753
850.00	39.19	121000
850.00	39.09	121248
850.00	39.02	121495
850.00	38.96	121742
850.00	38.85	121989
850.00	38.79	122236
850.00	38.68	122483
850.00	38.62	122730
850.00	38.55	122978
850.00	38.45	123225
850.00	38.38	123472
850.00	38.31	123719
850.00	38.24	123966
850.00	38.14	124213
850.00	38.07	124461
850.00	37.97	124708
850.00	37.94	124955
850.00	37.87	125202
850.00	37.80	125449
850.00	37.73	125696
850.00	37.63	125944
850.00	37.60	126191
850.00	37.50	126438
850.00	37.43	126685
850.00	37.36	126932
850.00	37.29	127180
850.00	37.26	127427
850.00	37.19	127674
850.00	37.09	127921
850.00	37.05	128168
850.00	36.99	128416
850.00	36.92	128663
850.00	36.85	128910
850.00	36.78	129157
850.00	36.78	129404
850.00	36.68	129651
850.00	36.61	129898
850.00	36.54	130146
850.00	36.51	130393
850.00	36.44	130640
850.00	36.37	130888
850.00	36.31	131135
850.00	36.24	131382
850.00	36.21	131629
850.00	36.14	131876
850.00	36.10	132123
850.00	36.04	132370
850.00	35.97	132618
850.00	35.93	132865
850.00	35.83	133112
850.00	35.80	133360
850.00	35.76	133607
850.00	35.70	133854
850.00	35.66	134101
850.00	35.59	134348
850.00	35.53	134595
850.00	35.46	134842
850.00	35.42	135090
850.00	35.36	135337
850.00	35.32	135584
850.00	35.25	135832
850.00	35.22	136079
850.00	35.19	136326
850.00	35.12	136573
850.00	35.09	136820
850.00	35.02	137067
849.50	34.98	137314
847.44	34.92	137562
845.36	34.85	137809
844.28	34.81	138056
843.20	34.78	138303
842.11	34.75	138550
839.97	34.68	138797
838.85	34.64	139044
837.72	34.61	139292
835.54	34.54	139539
834.38	34.51	139786
832.17	34.44	140033
832.01	34.44	140280
829.79	34.37	140528
827.54	34.31	140775
826.30	34.27	141022
825.06	34.24	141269
823.80	34.20	141516
821.50	34.14	141763
820.22	34.10	142010
818.92	34.07	142257
817.62	34.03	142505
816.30	34.00	142752
814.97	33.97	142999
812.61	33.90	143246
810.22	33.83	143493
808.84	33.80	143740
808.48	33.80	143987
806.06	33.73	144234
804.65	33.69	144482
803.23	33.66	144729
800.78	33.59	144976
800.36	33.59	145223
797.88	33.52	145470
796.41	33.49	145718
794.93	33.46	145965
793.44	33.42	146212
790.91	33.36	146459
789.39	33.32	146706
787.86	33.29	146953
786.32	33.25	147200
785.79	33.25	147448
783.21	33.19	147695
781.64	33.15	147942
780.06	33.12	148189
778.47	33.08	148436
775.84	33.02	148683
775.24	33.02	148930
773.62	32.98	149178
771.99	32.95	149425
769.32	32.88	149672
767.65	32.85	149919
767.01	32.85	150166
765.34	32.81	150413
763.65	32.78	150660
760.93	32.71	150907
760.24	32.71	151155
757.50	32.64	151402
756.80	32.64	151649
755.06	32.61	151896
753.32	32.58	152143
751.56	32.54	152391
749.80	32.51	152638
748.02	32.47	152885
747.27	32.47	153132
745.48	32.44	153379
743.68	32.41	153626
740.85	32.34	153873
740.05	32.34	154121
737.20	32.27	154368
736.38	32.27	154615
734.54	32.24	154862
732.68	32.20	155110
730.82	32.17	155357
728.94	32.13	155604
728.08	32.13	155851
725.17	32.07	156098
723.26	32.03	156345
722.37	32.03	156593
719.42	31.97	156840
718.51	31.97	157088
716.57	31.93	157335
714.63	31.90	157582
713.70	31.90	157829
710.71	31.83	158076
708.73	31.80	158324
707.77	31.80	158571
704.76	31.73	158818
704.80	31.76	159065
702.80	31.73	159312
699.77	31.66	159560
698.77	31.66	159807
695.71	31.59	160054
694.69	31.59	160301
691.61	31.52	160549
690.57	31.52	160796
689.53	31.52	161044
687.46	31.49	161291
685.38	31.46	161538
683.29	31.42	161785
681.19	31.39	162033
679.08	31.36	162280
677.98	31.36	162527
675.87	31.32	162774
673.74	31.29	163021
672.62	31.29	163268
670.48	31.25	163515
669.36	31.25	163762
667.21	31.22	164010
666.07	31.22	164257
662.88	31.15	164504
661.73	31.15	164751
660.57	31.15	164998
658.39	31.12	165245
656.20	31.08	165492
655.03	31.08	165740
651.80	31.02	165987
650.60	31.02	166234
649.41	31.02	166481
649.24	31.05	166729
647.03	31.02	166976
645.83	31.02	167223
642.59	30.95	167470
641.37	30.95	167717
640.16	30.95	167964
638.94	30.95	168212
636.70	30.91	168459
635.47	30.91	168706
635.27	30.95	168953
632.00	30.88	169200
630.77	30.88	169447
629.53	30.88	169694
627.27	30.85	169942
626.02	30.85	170189
624.78	30.85	170436
623.53	30.85	170684
622.29	30.85	170931
621.04	30.85	171178
619.80	30.85	171425
618.55	30.85	171672
617.30	30.85	171919
617.08	30.88	172167
614.82	30.85	172414
613.58	30.85	172661
612.33	30.85	172908
611.08	30.85	173155
610.86	30.88	173403
609.63	30.88	173650
607.37	30.85	173897
607.15	30.88	174144
606.94	30.91	174392
605.71	30.91	174639
603.46	30.88	174887
604.28	30.95	175134
602.04	30.91	175381
601.84	30.95	175628
601.65	30.98	175875
600.44	30.98	176123
599.24	30.98	176370
598.03	30.98	176617
596.83	30.98	176864
597.68	31.05	177111
596.49	31.05	177358
595.31	31.05	177605
594.12	31.05	177852
593.96	31.08	178100
593.81	31.12	178347
593.68	31.15	178594
592.52	31.15	178841
592.40	31.19	179088
591.25	31.19	179335
591.13	31.22	179583
591.03	31.25	179830
589.90	31.25	180077
589.81	31.29	180324
589.72	31.32	180571
589.64	31.36	180818
589.58	31.39	181066
589.52	31.42	181313
588.45	31.42	181560
588.40	31.46	181807
588.37	31.49	182054
588.34	31.52	182301
588.32	31.56	182548
589.34	31.63	182796
588.33	31.63	183043
588.35	31.66	183290
588.37	31.69	183538
589.43	31.76	183785
589.49	31.80	184032
588.53	31.80	184279
588.59	31.83	184526
588.67	31.86	184773
589.78	31.93	185020
589.89	31.97	185268
590.01	32.00	185515
590.13	32.03	185763
590.27	32.07	186010
591.44	32.13	186257
591.61	32.17	186504
592.82	32.24	186751
593.01	32.27	186998
594.25	32.34	187245
593.45	32.34	187492
594.71	32.41	187740
594.96	32.44	187987
595.22	32.47	188234
596.51	32.54	188481
596.80	32.58	188728
598.13	32.64	188975
598.45	32.68	189222
599.81	32.75	189469
600.16	32.78	189717
601.55	32.85	189964
601.93	32.88	190212
603.35	32.95	190459
604.79	33.02	190706
605.22	33.05	190953
606.69	33.12	191200
608.18	33.19	191447
609.69	33.25	191694
610.19	33.29	191942
610.71	33.32	192189
612.26	33.39	192436
613.83	33.46	192683
614.40	33.49	192931
614.97	33.52	193178
617.61	33.63	193425
618.22	33.66	193672
620.91	33.76	193919
621.56	33.80	194166
623.26	33.86	194413
624.97	33.93	194661
625.68	33.97	194908
627.42	34.03	195155
629.19	34.10	195402
630.98	34.17	195649
631.75	34.20	195896
634.60	34.31	196143
635.42	34.34	196390
637.27	34.41	196638
639.15	34.47	196885
641.05	34.54	197132
642.97	34.61	197379
644.91	34.68	197627
645.84	34.71	197874
647.81	34.78	198121
648.77	34.81	198368
651.80	34.92	198615
653.83	34.98	198862
654.85	35.02	199110
657.94	35.12	199357
659.01	35.15	199604
660.08	35.19	199852
662.19	35.25	200099
664.32	35.32	200346
667.51	35.42	200593
668.66	35.46	200840
669.83	35.49	201087
672.03	35.56	201334
674.26	35.63	201582
676.50	35.70	201829
677.74	35.73	202077
681.04	35.83	202324
682.32	35.87	202571
684.63	35.93	202818
686.97	36.00	203065
688.30	36.04	203312
690.67	36.10	203559
692.03	36.14	203806
694.43	36.21	204054
696.84	36.27	204301
698.25	36.31	204548
700.70	36.37	204795
702.14	36.41	205042
704.62	36.48	205289
707.12	36.54	205537
708.61	36.58	205784
710.12	36.61	206031
712.66	36.68	206278
714.19	36.71	206525
716.76	36.78	206772
718.32	36.82	207020
719.90	36.85	207267
722.51	36.92	207514
725.14	36.99	207761
725.74	36.99	208008
728.39	37.05	208255
730.03	37.09	208502
732.72	37.16	208749
733.37	37.16	208997
736.07	37.22	209244
737.77	37.26	209491
739.47	37.29	209738
742.22	37.36	209986
743.95	37.39	210233
745.70	37.43	210480
746.43	37.43	210727
749.21	37.50	210974
749.96	37.50	211221
752.77	37.56	211469
754.57	37.60	211716
756.37	37.63	211963
757.16	37.63	212211
758.98	37.66	212458
760.81	37.70	212705
761.62	37.70	212952
763.46	37.73	213199
766.33	37.80	213446
767.17	37.80	213693
769.04	37.83	213941
769.89	37.83	214188
770.74	37.83	214435
772.62	37.87	214682
773.48	37.87	214929
775.37	37.90	215176
776.24	37.90	215423
778.14	37.94	215671
779.03	37.94	215918
779.91	37.94	216165
780.79	37.94	216412
781.67	37.94	216659
783.58	37.97	216907
784.47	37.97	217154
786.39	38.00	217401
786.26	37.97	217648
788.18	38.00	217895
788.05	37.97	218142
788.94	37.97	218389
789.84	37.97	218636
790.73	37.97	218884
791.62	37.97	219131
792.51	37.97	219378
792.37	37.94	219626
793.25	37.94	219873
794.13	37.94	220120
795.01	37.94	220367
794.86	37.90	220614
795.74	37.90	220861
796.61	37.90	221108
796.45	37.87	221356
796.28	37.83	221603
797.13	37.83	221850
796.95	37.80	222097
797.79	37.80	222345
797.60	37.77	222592
797.41	37.73	222839
796.17	37.66	223086
796.97	37.66	223333
797.77	37.66	223580
797.54	37.63	223828
798.33	37.63	224075
796.03	37.53	224322
796.79	37.53	224570
796.52	37.50	224817
796.24	37.46	225064
795.95	37.43	225311
794.62	37.36	225558
795.33	37.36	225805
793.98	37.29	226052
795.69	37.33	226300
794.33	37.26	226547
792.95	37.19	226794
792.58	37.16	227041
793.23	37.16	227288
791.82	37.09	227536
791.41	37.05	227783
791.00	37.02	228030
789.55	36.95	228277
789.11	36.92	228524
788.66	36.88	228771
787.16	36.82	229018
786.68	36.78	229266
787.21	36.78	229513
785.69	36.71	229760
784.15	36.65	230007
783.61	36.61	230254
783.07	36.58	230502
782.51	36.54	230749
781.95	36.51	230996
781.37	36.48	231243
780.79	36.44	231490
779.16	36.37	231738
777.52	36.31	231985
776.88	36.27	232233
775.21	36.21	232480
774.54	36.17	232727
772.84	36.10	232974
773.17	36.10	233221
771.44	36.04	233469
769.69	35.97	233716
768.96	35.93	233963
768.21	35.90	234210
767.45	35.87	234457
766.68	35.83	234704
764.88	35.76	234951
763.05	35.70	235199
762.23	35.66	235446
760.37	35.59	235693
759.52	35.56	235940
758.66	35.53	236187
756.76	35.46	236435
755.87	35.42	236682
753.94	35.36	236929
754.05	35.36	237176
752.10	35.29	237423
751.16	35.25	237670
749.18	35.19	237917
748.21	35.15	238165
747.23	35.12	238412
745.21	35.05	238659
744.19	35.02	238906
743.17	34.98	239153
741.11	34.92	239400
740.06	34.88	239647
737.96	34.81	239895
736.88	34.78	240142
735.79	34.75	240389
733.65	34.68	240636
732.53	34.64	240884
730.37	34.58	241131
730.24	34.58	241378
728.06	34.51	241625
727.91	34.51	241872
725.71	34.44	242119
724.51	34.41	242367
722.28	34.34	242614
721.05	34.31	242861
718.79	34.24	243108
718.56	34.24	243355
717.30	34.20	243603
715.01	34.14	243850
713.72	34.10	244097
713.45	34.10	244344
711.13	34.03	244591
708.78	33.97	244838
708.47	33.97	245085
707.14	33.93	245333
703.73	33.83	245580
703.38	33.83	245827
700.97	33.76	246075
700.60	33.76	246322
699.20	33.73	246569
697.80	33.69	246816
695.35	33.63	247063
693.91	33.59	247310
692.46	33.56	247558
691.00	33.52	247805
689.53	33.49	248052
687.02	33.42	248299
686.55	33.42	248547
685.05	33.39	248794
684.56	33.39	249041
682.03	33.32	249288
680.49	33.29	249535
678.95	33.25	249783
677.40	33.22	250030
675.84	33.19	250277
674.27	33.15	250524
673.72	33.15	250771
672.13	33.12	251019
670.54	33.08	251266
669.97	33.08	251513
666.31	32.98	251760
666.73	33.02	252008
665.11	32.98	252255
663.48	32.95	252502
660.80	32.88	252749
661.20	32.91	252996
658.52	32.85	253243
657.87	32.85	253491
656.20	32.81	253738
655.54	32.81	253985
653.86	32.78	254232
653.19	32.78	254479
651.50	32.75	254726
650.82	32.75	254974
650.15	32.75	255221
648.44	32.71	255468
646.73	32.68	255715
645.01	32.64	255962
645.33	32.68	256209
642.57	32.61	256456
642.88	32.64	256703
642.18	32.64	256951
640.44	32.61	257198
639.72	32.61	257446
637.98	32.58	257693
637.25	32.58	257940
637.55	32.61	258187
635.81	32.58	258434
635.08	32.58	258681
633.33	32.54	258928
633.62	32.58	259175
631.86	32.54	259423
632.15	32.58	259670
631.42	32.58	259917
629.67	32.54	260164
629.96	32.58	260412
628.21	32.54	260659
627.47	32.54	260906
627.76	32.58	261153
627.03	32.58	261400
625.28	32.54	261647
625.57	32.58	261894
624.84	32.58	262142
624.11	32.58	262389
624.41	32.61	262636
623.69	32.61	262883
622.98	32.61	263130
623.29	32.64	263377
621.55	32.61	263624
621.86	32.64	263871
622.18	32.68	264118
621.49	32.68	264366
620.79	32.68	264613
621.12	32.71	264860
621.46	32.75	265107
620.79	32.75	265354
621.14	32.78	265601
620.47	32.78	265848
619.80	32.78	266096
619.14	32.78	266343
620.52	32.85	266590
619.88	32.85	266837
619.23	32.85	267084
620.64	32.91	267331
620.02	32.91	267579
621.44	32.98	267826
620.84	32.98	268073
620.23	32.98	268320
620.66	33.02	268567
621.09	33.05	268814
621.53	33.08	269061
621.98	33.12	269309
622.45	33.15	269556
621.89	33.15	269803
622.36	33.19	270051
622.85	33.22	270299
622.31	33.22	270546
623.83	33.29	270793
624.35	33.32	271040
625.90	33.39	271287
624.39	33.36	271534
625.95	33.42	271782
626.51	33.46	272029
627.07	33.49	272276
627.64	33.52	272524
628.23	33.56	272771
628.83	33.59	273018
629.43	33.63	273265
630.04	33.66	273512
630.67	33.69	273759
632.33	33.76	274007
632.99	33.80	274254
633.66	33.83	274501
634.33	33.86	274748
636.05	33.93	274995
635.73	33.93	275243
637.47	34.00	275490
639.22	34.07	275737
638.94	34.07	275984
640.71	34.14	276232
641.48	34.17	276479
642.26	34.20	276726
644.08	34.27	276973
644.89	34.31	277220
645.71	34.34	277467
646.54	34.37	277715
647.38	34.41	277962
649.26	34.47	278209
650.12	34.51	278457
652.03	34.58	278704
652.93	34.61	278951
654.87	34.68	279198
655.80	34.71	279445
656.74	34.75	279692
658.72	34.81	279939
659.70	34.85	280187
660.68	34.88	280434
662.70	34.95	280681
664.74	35.02	280929
664.74	35.02	281176
665.78	35.05	281423
668.88	35.15	281670
669.95	35.19	281917
671.04	35.22	282164
673.16	35.29	282411
674.27	35.32	282659
675.40	35.36	282906
677.56	35.42	283153
678.72	35.46	283401
679.88	35.49	283648
681.06	35.53	283895
684.30	35.63	284142
684.49	35.63	284389
686.73	35.70	284636
686.94	35.70	284883
690.24	35.80	285130
691.51	35.83	285378
692.78	35.87	285625
694.07	35.90	285872
696.39	35.97	286119
697.72	36.00	286366
700.07	36.07	286614
701.42	36.10	286861
702.78	36.14	287108
705.18	36.21	287355
705.54	36.21	287602
707.96	36.27	287850
709.37	36.31	288097
710.79	36.34	288344
713.25	36.41	288591
713.67	36.41	288838
716.15	36.48	289086
717.62	36.51	289333
720.13	36.58	289580
720.61	36.58	289827
722.11	36.61	290075
723.62	36.65	290322
725.14	36.68	290569
726.67	36.71	290816
729.25	36.78	291063
730.81	36.82	291310
731.35	36.82	291557
733.96	36.88	291805
734.52	36.88	292052
737.14	36.95	292299
738.76	36.99	292547
740.38	37.02	292794
740.99	37.02	293041
742.62	37.05	293288
744.27	37.09	293535
745.92	37.12	293782
746.56	37.12	294030
748.22	37.16	294277
749.90	37.19	294524
750.56	37.19	294771
752.24	37.22	295018
753.94	37.26	295265
755.64	37.29	295513
756.33	37.29	295760
758.05	37.33	296007
759.77	37.36	296254
760.48	37.36	296501
762.22	37.39	296748
762.93	37.39	296995
763.65	37.39	297242
765.40	37.43	297490
766.13	37.43	297737
766.85	37.43	297984
769.64	37.50	298231
769.36	37.46	298478
770.10	37.46	298725
771.87	37.50	298972
772.62	37.50	299220
773.36	37.50	299467
774.11	37.50	299714
775.89	37.53	299961
775.62	37.50	300209
776.37	37.50	300456
778.14	37.53	300703
778.90	37.53	300950
778.63	37.50	301197
780.41	37.53	301444
781.17	37.53	301691
780.90	37.50	301939
781.65	37.50	302186
782.40	37.50	302434
783.15	37.50	302681
782.87	37.46	302928
783.60	37.46	303175
783.31	37.43	303422
785.07	37.46	303669
784.78	37.43	303916
785.51	37.43	304164
786.23	37.43	304411
785.94	37.39	304658
786.65	37.39	304905
786.34	37.36	305152
786.02	37.33	305400
786.72	37.33	305647
786.39	37.29	305894
786.05	37.26	306141
786.72	37.26	306388
786.37	37.22	306636
787.04	37.22	306883
786.68	37.19	307130
786.31	37.16	307378
785.93	37.12	307625
785.53	37.09	307872
786.16	37.09	308119
785.76	37.05	308366
785.34	37.02	308613
784.92	36.99	308860
785.52	36.99	309108
783.03	36.88	309355
783.59	36.88	309602
783.13	36.85	309850
782.65	36.82	310097
782.17	36.78	310344
781.68	36.75	310591
781.17	36.71	310838
780.66	36.68	311085
780.13	36.65	311333
779.60	36.61	311580
778.02	36.54	311827
778.49	36.54	312075
776.90	36.48	312322
776.31	36.44	312569
775.72	36.41	312817
775.11	36.37	313064
773.47	36.31	313311
772.83	36.27	313558
771.16	36.21	313805
771.52	36.21	314052
769.82	36.14	314299
769.13	36.10	314547
768.43	36.07	314794
766.70	36.00	315041
765.97	35.97	315288
765.23	35.93	315535
764.49	35.90	315783
763.73	35.87	316030
761.93	35.80	316277
760.12	35.73	316524
760.33	35.73	316771
758.50	35.66	317019
757.67	35.63	317266
755.80	35.56	317513
754.94	35.53	317760
754.07	35.49	318007
754.21	35.49	318254
751.28	35.39	318501
750.37	35.36	318749
749.45	35.32	318996
748.52	35.29	319243
746.55	35.22	319491
745.58	35.19	319738
744.61	35.15	319985
743.63	35.12	320232
742.64	35.09	320479
740.61	35.02	320726
739.58	34.98	320973
738.55	34.95	321221
736.48	34.88	321468
735.42	34.85	321716
734.34	34.81	321963
732.23	34.75	322210
732.16	34.75	322457
730.02	34.68	322704
728.90	34.64	322951
727.77	34.61	323198
726.62	34.58	323446
725.46	34.54	323693
723.27	34.47	323940
721.06	34.41	324188
720.88	34.41	324435
718.65	34.34	324682
718.45	34.34	324929
715.17	34.24	325176
714.94	34.24	325423
713.68	34.20	325671
712.42	34.17	325918
710.11	34.10	326165
709.84	34.10	326413
708.54	34.07	326660
706.21	34.00	326907
703.85	33.93	327154
704.56	33.97	327401
702.20	33.90	327648
699.81	33.83	327895
699.46	33.83	328143
698.08	33.80	328390
696.69	33.76	328637
695.29	33.73	328885
693.88	33.69	329132
692.46	33.66	329379
691.03	33.63	329626
689.60	33.59	329873
688.14	33.56	330120
685.66	33.49	330367
685.21	33.49	330615
683.73	33.46	330862
682.23	33.42	331109
680.73	33.39	331357
679.22	33.36	331604
677.70	33.32	331851
676.17	33.29	332098
675.66	33.29	332345
674.12	33.25	332592
673.59	33.25	332839
672.04	33.22	333087
670.48	33.19	333334
669.93	33.19	333581
667.34	33.12	333829
666.77	33.12	334076
666.21	33.12	334323
664.61	33.08	334570
663.01	33.05	334818
662.43	33.05	335065
660.82	33.02	335312
660.22	33.02	335559
658.60	32.98	335806
657.99	32.98	336053
656.36	32.95	336301
655.74	32.95	336548
654.10	32.91	336795
653.48	32.91	337042
652.85	32.91	337289
651.20	32.88	337536
650.56	32.88	337784
648.90	32.85	338031
649.28	32.88	338278
647.62	32.85	338525
646.97	32.85	338773
645.30	32.81	339020
645.67	32.85	339267
644.00	32.81	339514
643.34	32.81	339761
642.68	32.81	340008
642.03	32.81	340255
641.37	32.81	340503
640.72	32.81	340750
640.06	32.81	340997
639.40	32.81	341244
638.75	32.81	341491
638.09	32.81	341738
637.43	32.81	341985
637.81	32.85	342232
637.16	32.85	342480
636.51	32.85	342727
635.87	32.85	342974
635.22	32.85	343221
635.60	32.88	343468
633.94	32.85	343716
635.35	32.91	343963
634.72	32.91	344210
634.10	32.91	344457
633.47	32.91	344704
632.85	32.91	344951
633.25	32.95	345198
633.66	32.98	345445
634.08	33.02	345693
633.49	33.02	345940
632.89	33.02	346187
633.32	33.05	346434
631.71	33.02	346681
633.17	33.08	346928
633.63	33.12	347175
633.06	33.12	347423
633.52	33.15	347670
632.97	33.15	347917
633.44	33.19	348165
633.93	33.22	348412
633.39	33.22	348659
633.88	33.25	348906
634.39	33.29	349153
633.87	33.29	349400
634.39	33.32	349647
634.91	33.36	349894
635.45	33.39	350142
635.99	33.42	350389
635.52	33.42	350637
636.07	33.46	350884
636.64	33.49	351131
637.21	33.52	351378
637.79	33.56	351625
638.39	33.59	351872
639.00	33.63	352119
639.61	33.66	352367
640.24	33.69	352614
639.85	33.69	352861
640.48	33.73	353109
642.16	33.80	353356
642.82	33.83	353603
643.50	33.86	353850
644.19	33.90	354097
644.88	33.93	354344
645.59	33.97	354592
646.31	34.00	354839
647.04	34.03	355086
647.77	34.07	355333
649.55	34.14	355581
649.29	34.14	355828
650.06	34.17	356075
651.86	34.24	356322
652.66	34.27	356569
653.47	34.31	356816
654.29	34.34	357063
655.12	34.37	357311
656.99	34.44	357558
657.85	34.47	357805
658.72	34.51	358052
658.57	34.51	358299
660.48	34.58	358546
661.38	34.61	358793
662.29	34.64	359041
665.27	34.75	359288
665.19	34.75	359535
666.14	34.78	359783
667.10	34.81	360030
668.08	34.85	360277
670.09	34.92	360524
671.09	34.95	360771
672.10	34.98	361018
673.13	35.02	361265
674.16	35.05	361512
676.23	35.12	361760
676.27	35.12	362007
677.33	35.15	362254
679.43	35.22	362501
681.56	35.29	362748
681.64	35.29	362996
683.78	35.36	363243
684.92	35.39	363490
686.07	35.42	363737
687.22	35.46	363984
689.42	35.53	364231
690.60	35.56	364478
691.80	35.59	364726
693.00	35.63	364973
695.25	35.70	365221
696.49	35.73	365468
697.73	35.76	365715
698.99	35.80	365962
700.26	35.83	366209
701.54	35.87	366456
703.85	35.93	366703
703.10	35.90	366951
705.43	35.97	367198
706.75	36.00	367445
709.10	36.07	367693
710.46	36.10	367940
711.81	36.14	368187
713.18	36.17	368434
714.56	36.21	368681
716.98	36.27	368928
717.36	36.27	369176
718.78	36.31	369423
720.19	36.34	369670
720.60	36.34	369917
722.03	36.37	370165
724.50	36.44	370412
725.96	36.48	370659
727.43	36.51	370906
727.88	36.51	371153
730.39	36.58	371401
731.89	36.61	371648
732.38	36.61	371895
734.92	36.68	372142
735.42	36.68	372389
735.93	36.68	372637
737.46	36.71	372884
740.03	36.78	373131
740.57	36.78	373378
742.13	36.82	373625
743.70	36.85	373873
744.26	36.85	374120
746.87	36.92	374367
746.42	36.88	374614
749.04	36.95	374861
749.62	36.95	375108
750.21	36.95	375356
751.83	36.99	375603
753.45	37.02	375850
754.05	37.02	376097
754.66	37.02	376345
756.29	37.05	376592
756.91	37.05	376839
759.59	37.12	377086
759.19	37.09	377333
760.85	37.12	377580
761.48	37.12	377827
762.12	37.12	378075
763.79	37.16	378322
763.40	37.12	378569
765.07	37.16	378817
765.71	37.16	379064
766.36	37.16	379311
767.01	37.16	379558
767.65	37.16	379805
768.30	37.16	380052
768.95	37.16	380300
769.59	37.16	380547
771.27	37.19	380794
770.90	37.16	381041
771.55	37.16	381289
772.19	37.16	381536
772.84	37.16	381783
772.46	37.12	382030
774.12	37.16	382277
773.74	37.12	382525
774.38	37.12	382773
775.01	37.12	383020
775.65	37.12	383267
776.29	37.12	383514
775.89	37.09	383761
777.55	37.12	384009
777.15	37.09	384256
776.75	37.05	384503
776.34	37.02	384750
777.98	37.05	384998
776.54	36.99	385245
777.13	36.99	385493
777.73	36.99	385740
777.29	36.95	385987
777.88	36.95	386234
777.44	36.92	386482
776.98	36.88	386729
776.52	36.85	386976
776.05	36.82	387223
776.59	36.82	387470
776.11	36.78	387717
775.61	36.75	387965
775.11	36.71	388212
775.62	36.71	388459
775.11	36.68	388706
775.61	36.68	388954
775.09	36.65	389201
773.53	36.58	389448
774.00	36.58	389695
773.44	36.54	389942
772.88	36.51	390189
773.33	36.51	390437
771.73	36.44	390684
771.13	36.41	390931
771.56	36.41	391178
770.95	36.37	391425
770.33	36.34	391672
769.71	36.31	391920
768.04	36.24	392167
768.41	36.24	392414
767.76	36.21	392661
766.06	36.14	392908
765.38	36.10	393155
765.71	36.10	393403
763.98	36.04	393650
764.29	36.04	393897
762.54	35.97	394144
761.81	35.93	394391
760.03	35.87	394639
760.29	35.87	394886
758.49	35.80	395133
758.73	35.80	395380
757.95	35.76	395627
757.15	35.73	395875
756.34	35.70	396122
754.49	35.63	396369
754.68	35.63	396616
752.81	35.56	396863
751.95	35.53	397110
751.08	35.49	397357
750.20	35.46	397605
748.28	35.39	397852
747.37	35.36	398099
746.45	35.32	398346
744.49	35.25	398593
744.56	35.25	398840
742.59	35.19	399087
741.62	35.15	399334
740.63	35.12	399582
739.64	35.09	399829
737.61	35.02	400076
736.59	34.98	400323
735.55	34.95	400570
733.48	34.88	400818
733.45	34.88	401065
731.35	34.81	401312
730.27	34.78	401559
729.18	34.75	401806
728.07	34.71	402053
726.96	34.68	402300
725.83	34.64	402548
724.70	34.61	402795
722.53	34.54	403043
721.36	34.51	403290
720.19	34.47	403537
719.00	34.44	403784
717.81	34.41	404031
716.60	34.37	404278
714.36	34.31	404525
713.12	34.27	404773
711.87	34.24	405020
710.62	34.20	405267
709.35	34.17	405515
708.07	34.14	405762
706.79	34.10	406009
705.49	34.07	406256
704.18	34.03	406503
702.87	34.00	406750
702.57	34.00	406997
700.21	33.93	407244
698.86	33.90	407492
697.50	33.86	407739
696.13	33.83	407986
694.76	33.80	408233
693.37	33.76	408480
691.97	33.73	408728
690.56	33.69	408975
689.14	33.66	409222
687.71	33.63	409469
687.30	33.63	409716
685.86	33.59	409963
684.41	33.56	410211
682.95	33.52	410458
681.48	33.49	410705
680.00	33.46	410952
679.54	33.46	411199
678.04	33.42	411446
677.57	33.42	411693
675.05	33.36	411940
674.55	33.36	412188
674.06	33.36	412435
671.51	33.29	412682
671.00	33.29	412930
669.46	33.25	413177
668.93	33.25	413424
666.35	33.19	413671
665.81	33.19	413918
665.26	33.19	414165
663.69	33.15	414412
663.14	33.15	414660
662.58	33.15	414907
662.03	33.15	415154
660.45	33.12	415401
657.83	33.05	415648
658.27	33.08	415895
656.67	33.05	416142
656.08	33.05	416389
655.50	33.05	416637
653.89	33.02	416884
653.29	33.02	417131
652.70	33.02	417378
651.07	32.98	417626
650.47	32.98	417873
649.86	32.98	418120
648.23	32.95	418367
648.64	32.98	418614
647.01	32.95	418861
647.42	32.98	419109
646.81	32.98	419356
645.18	32.95	419603
644.57	32.95	419850
644.98	32.98	420097
644.37	32.98	420345
643.77	32.98	420592
643.16	32.98	420839
642.56	32.98	421086
641.95	32.98	421333
641.35	32.98	421580
640.74	32.98	421827
640.14	32.98	422075
640.56	33.02	422322
639.96	33.02	422569
639.37	33.02	422816
638.77	33.02	423064
639.21	33.05	423311
638.62	33.05	423558
639.06	33.08	423805
637.46	33.05	424052
637.90	33.08	424299
638.36	33.12	424547
637.79	33.12	424794
638.26	33.15	425041
637.70	33.15	425288
637.15	33.15	425535
637.62	33.19	425782
637.07	33.19	426029
637.56	33.22	426277
637.03	33.22	426524
637.52	33.25	426771
638.02	33.29	427019
637.51	33.29	427266
638.02	33.32	427513
638.55	33.36	427760
638.05	33.36	428007
638.59	33.39	428254
639.13	33.42	428501
638.66	33.42	428748
639.21	33.46	428996
639.78	33.49	429243
640.35	33.52	429490
639.91	33.52	429737
640.49	33.56	429984
641.09	33.59	430231
641.69	33.63	430479
642.31	33.66	430726
642.94	33.69	430973
642.54	33.69	431220
643.18	33.73	431467
644.85	33.80	431715
644.49	33.80	431962
646.19	33.86	432209
647.90	33.93	432456
647.58	33.93	432703
647.26	33.93	432950
649.00	34.00	433197
649.72	34.03	433444
650.46	34.07	433692
651.21	34.10	433939
653.00	34.17	434186
653.77	34.20	434433
653.53	34.20	434680
654.32	34.24	434927
655.12	34.27	435174
655.93	34.31	435421
657.78	34.37	435669
658.62	34.41	435916
659.47	34.44	436163
660.33	34.47	436410
662.23	34.54	436658
663.12	34.58	436905
664.02	34.61	437152
664.93	34.64	437399
665.85	34.68	437646
666.78	34.71	437894
667.72	34.75	438141
669.70	34.81	438388
670.67	34.85	438635
671.66	34.88	438882
672.65	34.92	439130
674.68	34.98	439377
675.70	35.02	439624
676.74	35.05	439871
677.78	35.09	440118
679.86	35.15	440365
679.91	35.15	440612
682.01	35.22	440860
682.07	35.22	441107
684.20	35.29	441354
686.34	35.36	441601
687.47	35.39	441848
688.62	35.42	442095
689.78	35.46	442342
690.94	35.49	442589
692.12	35.53	442837
693.30	35.56	443084
694.50	35.59	443331
696.74	35.66	443578
697.96	35.70	443826
699.20	35.73	444073
700.45	35.76	444320
702.73	35.83	444567
702.98	35.83	444814
704.26	35.87	445061
706.57	35.93	445309
707.88	35.97	445556
709.20	36.00	445803
710.53	36.04	446050
711.87	36.07	446298
714.25	36.14	446545
714.59	36.14	446792
715.96	36.17	447039
717.34	36.21	447286
718.73	36.24	447534
720.13	36.27	447781
722.57	36.34	448028
722.97	36.34	448275
725.43	36.41	448522
725.85	36.41	448770
727.30	36.44	449017
728.76	36.48	449264
730.23	36.51	449511
731.71	36.54	449758
732.18	36.54	450006
733.67	36.58	450253
737.23	36.68	450500
736.70	36.65	450747
738.23	36.68	450995
739.76	36.71	451242
741.30	36.75	451489
742.86	36.78	451736
743.39	36.78	451983
744.95	36.82	452230
746.53	36.85	452478
747.08	36.85	452725
748.67	36.88	452972
749.23	36.88	453219
750.83	36.92	453466
752.43	36.95	453714
753.01	36.95	453961
753.60	36.95	454208
755.22	36.99	454455
756.84	37.02	454702
758.47	37.05	454949
759.09	37.05	455196
759.71	37.05	455443
761.35	37.09	455691
761.98	37.09	455938
763.63	37.12	456185
764.27	37.12	456432
764.91	37.12	456679
764.51	37.09	456926
766.17	37.12	457173
766.80	37.12	457421
767.44	37.12	457668
769.11	37.16	457915
768.72	37.12	458162
771.42	37.19	458409
771.05	37.16	458656
771.69	37.16	458904
772.34	37.16	459151
772.99	37.16	459398
772.60	37.12	459645
773.24	37.12	459892
773.88	37.12	460139
774.51	37.12	460387
776.18	37.16	460634
775.80	37.12	460881
776.43	37.12	461128
777.07	37.12	461375
776.68	37.09	461622
777.30	37.09	461869
777.93	37.09	462116
777.53	37.05	462364
777.12	37.02	462611
776.69	36.99	462858
777.29	36.99	463105
777.88	36.99	463352
778.48	36.99	463599
778.05	36.95	463846
777.60	36.92	464094
777.15	36.88	464341
778.74	36.92	464588
777.26	36.85	464836
776.79	36.82	465083
777.33	36.82	465330
777.88	36.82	465577
776.36	36.75	465824
775.86	36.71	466071
776.38	36.71	466319
775.86	36.68	466566
775.34	36.65	466813
774.80	36.61	467060
775.29	36.61	467308
774.74	36.58	467555
774.18	36.54	467802
773.62	36.51	468049
773.05	36.48	468296
772.46	36.44	468543
772.89	36.44	468790
771.27	36.37	469038
770.65	36.34	469285
770.03	36.31	469532
769.39	36.27	469779
768.74	36.24	470026
769.12	36.24	470274
768.46	36.21	470521
766.76	36.14	470768
766.08	36.10	471015
764.35	36.04	471262
764.66	36.04	471509
763.95	36.00	471756
763.22	35.97	472004
761.45	35.90	472251
761.72	35.90	472498
759.94	35.83	472745
759.15	35.80	472992
758.37	35.76	473239
757.57	35.73	473486
756.76	35.70	473733
754.91	35.63	473981
755.10	35.63	474228
753.23	35.56	474475
752.37	35.53	474722
752.53	35.53	474970
750.63	35.46	475217
749.74	35.42	475464
748.84	35.39	475711
746.90	35.32	475958
747.00	35.32	476205
746.07	35.29	476453
744.10	35.22	476700
743.14	35.19	476947
742.16	35.15	477194
741.18	35.12	477441
740.19	35.09	477689
739.19	35.05	477936
738.17	35.02	478183
737.15	34.98	478430
736.12	34.95	478678
734.05	34.88	478925
732.98	34.85	479172
732.94	34.85	479419
730.84	34.78	479666
729.74	34.75	479914
728.64	34.71	480161
727.52	34.68	480408
725.37	34.61	480655
725.26	34.61	480902
724.11	34.58	481150
722.95	34.54	481397
720.76	34.47	481644
719.58	34.44	481891
718.38	34.41	482139
718.20	34.41	482386
715.97	34.34	482633
714.74	34.31	482880
713.51	34.27	483127
712.26	34.24	483374
711.00	34.20	483622
709.74	34.17	483869
707.43	34.10	484116
707.16	34.10	484363
705.87	34.07	484611
704.56	34.03	484858
702.21	33.97	485105
701.90	33.97	485352
700.57	33.93	485599
698.19	33.86	485846
698.88	33.90	486093
696.49	33.83	486341
696.14	33.83	486588
694.76	33.80	486835
692.34	33.73	487083
691.96	33.73	487330
690.55	33.69	487577
689.13	33.66	487824
687.71	33.63	488071
687.29	33.63	488318
685.85	33.59	488565
684.40	33.56	488813
682.94	33.52	489060
681.47	33.49	489308
681.02	33.49	489555
679.54	33.46	489802
678.05	33.42	490049
677.58	33.42	490296
676.08	33.39	490543
674.57	33.36	490791
673.05	33.32	491038
672.54	33.32	491285
671.01	33.29	491532
670.50	33.29	491779
669.98	33.29	492027
668.44	33.25	492274
666.89	33.22	492521
665.33	33.19	492768
665.81	33.22	493015
664.25	33.19	493262
663.71	33.19	493509
662.14	33.15	493757
661.58	33.15	494004
661.03	33.15	494251
659.45	33.12	494498
658.88	33.12	494745
658.32	33.12	494993
656.72	33.08	495240
656.15	33.08	495487
655.57	33.08	495734
655.00	33.08	495981
653.40	33.05	496229
653.84	33.08	496476
652.24	33.05	496723
651.65	33.05	496970
651.07	33.05	497218
650.48	33.05	497465
649.90	33.05	497712
649.31	33.05	497960
648.73	33.05	498207
648.14	33.05	498454
648.58	33.08	498701
646.98	33.05	498948
647.42	33.08	499196
646.85	33.08	499443
646.28	33.08	499690
645.70	33.08	499937
645.13	33.08	500184
644.55	33.08	500432
643.98	33.08	500679
644.43	33.12	500926
643.87	33.12	501174
644.33	33.15	501421
643.77	33.15	501668
644.25	33.19	501915
644.73	33.22	502162
643.17	33.19	502409
642.62	33.19	502657
644.14	33.25	502904
642.59	33.22	503151
643.08	33.25	503398
643.58	33.29	503645
643.07	33.29	503893
643.58	33.32	504140
644.11	33.36	504387
643.61	33.36	504634
644.15	33.39	504881
643.66	33.39	505128
644.21	33.42	505375
643.73	33.42	505623
645.32	33.49	505870
644.86	33.49	506117
644.41	33.49	506364
644.98	33.52	506611
646.60	33.59	506858
646.18	33.59	507105
646.78	33.63	507352
648.42	33.69	507600
648.03	33.69	507847
647.64	33.69	508094
649.30	33.76	508341
648.93	33.76	508588
649.59	33.80	508835
651.28	33.86	509083
650.94	33.86	509330
652.66	33.93	509577
652.34	33.93	509824
653.04	33.97	510071
654.79	34.03	510318
654.50	34.03	510566
655.24	34.07	510813
655.98	34.10	511060
656.74	34.14	511307
657.51	34.17	511555
658.29	34.20	511802
659.08	34.24	512049
659.88	34.27	512296
660.69	34.31	512543
661.51	34.34	512790
663.36	34.41	513038
664.21	34.44	513285
664.04	34.44	513532
665.93	34.51	513779
665.79	34.51	514026
667.70	34.58	514273
667.57	34.58	514520
669.50	34.64	514767
671.44	34.71	515015
671.36	34.71	515262
672.30	34.75	515509
673.25	34.78	515756
674.21	34.81	516003
675.19	34.85	516250
676.17	34.88	516497
677.16	34.92	516745
679.19	34.98	516992
680.21	35.02	517239
681.25	35.05	517486
682.29	35.09	517733
684.37	35.15	517981
684.42	35.15	518228
685.49	35.19	518475
687.60	35.25	518722
688.71	35.29	518969
689.82	35.32	519216
689.92	35.32	519463
692.07	35.39	519710
692.19	35.39	519958
694.36	35.46	520205
696.56	35.53	520452
697.74	35.56	520699
697.91	35.56	520946
700.14	35.63	521193
701.35	35.66	521440
701.55	35.66	521687
703.81	35.73	521935
705.06	35.76	522182
706.31	35.80	522429
707.58	35.83	522676
708.86	35.87	522923
710.15	35.90	523171
711.44	35.93	523418
712.75	35.97	523665
714.07	36.00	523912
715.40	36.04	524160
716.74	36.07	524407
718.09	36.10	524654
719.45	36.14	524901
719.79	36.14	525148
722.19	36.21	525395
723.58	36.24	525643
723.95	36.24	525890
726.38	36.31	526137
727.80	36.34	526384
728.20	36.34	526631
729.63	36.37	526878
731.07	36.41	527125
732.52	36.44	527373
732.95	36.44	527620
734.42	36.48	527867
735.89	36.51	528114
737.37	36.54	528361
738.86	36.58	528608
739.33	36.58	528855
740.84	36.61	529103
741.32	36.61	529350
742.83	36.65	529597
744.35	36.68	529844
745.89	36.71	530091
746.40	36.71	530338
746.92	36.71	530586
748.46	36.75	530833
748.98	36.75	531080
750.54	36.78	531327
752.10	36.82	531574
752.64	36.82	531821
754.22	36.85	532069
754.77	36.85	532316
755.33	36.85	532563
756.91	36.88	532810
757.48	36.88	533057
759.07	36.92	533304
758.62	36.88	533552
760.21	36.92	533799
760.79	36.92	534046
762.39	36.95	534293
762.97	36.95	534540
763.56	36.95	534788
764.15	36.95	535035
764.73	36.95	535282
765.32	36.95	535529
765.90	36.95	535776
767.52	36.99	536023
767.08	36.95	536270
767.67	36.95	536517
768.25	36.95	536764
768.84	36.95	537012
770.46	36.99	537259
770.02	36.95	537506
770.61	36.95	537753
770.16	36.92	538000
770.74	36.92	538247
771.32	36.92	538494
771.89	36.92	538741
771.44	36.88	538989
772.00	36.88	539236
773.60	36.92	539483
772.11	36.85	539730
772.67	36.85	539977
772.20	36.82	540224
773.77	36.85	540471
773.30	36.82	540718
772.81	36.78	540966
773.35	36.78	541213
773.88	36.78	541460
772.36	36.71	541707
772.87	36.71	541955
772.36	36.68	542202
772.86	36.68	542449
772.34	36.65	542696
772.83	36.65	542943
772.30	36.61	543190
771.75	36.58	543438
771.20	36.54	543685
770.63	36.51	543932
771.09	36.51	544180
770.51	36.48	544427
769.93	36.44	544674
769.33	36.41	544921
769.75	36.41	545168
768.12	36.34	545415
768.52	36.34	545662
767.90	36.31	545910
768.29	36.31	546157
767.65	36.27	546405
767.00	36.24	546652
766.35	36.21	546899
765.68	36.17	547146
763.98	36.10	547394
764.31	36.10	547641
763.61	36.07	547888
762.90	36.04	548136
762.18	36.00	548383
761.45	35.97	548630
760.72	35.93	548877
759.97	35.90	549124
759.21	35.87	549372
757.41	35.80	549619
756.63	35.76	549866
756.86	35.76	550113
756.06	35.73	550360
754.22	35.66	550607
754.42	35.66	550854
753.59	35.63	551102
752.75	35.59	551349
752.92	35.59	551596
751.05	35.53	551843
750.18	35.49	552090
748.27	35.42	552337
748.40	35.42	552584
746.47	35.36	552831
746.57	35.36	553079
744.63	35.29	553326
743.68	35.25	553574
743.76	35.25	553821
741.78	35.19	554068
741.84	35.19	554315
739.84	35.12	554562
738.85	35.09	554809
737.84	35.05	555056
736.83	35.02	555303
735.81	34.98	555551
734.78	34.95	555798
733.73	34.92	556045
732.68	34.88	556292
730.58	34.81	556539
730.53	34.81	556786
729.45	34.78	557034
729.38	34.78	557281
727.26	34.71	557528
726.14	34.68	557776
725.02	34.64	558023
722.86	34.58	558270
722.73	34.58	558517
721.58	34.54	558764
719.38	34.47	559011
718.20	34.44	559258
718.03	34.44	559505
715.81	34.37	559753
714.59	34.34	560000
713.36	34.31	560248
713.16	34.31	560495
710.89	34.24	560742
710.66	34.24	560989
708.38	34.17	561236
708.13	34.17	561483
706.85	34.14	561730
705.56	34.10	561978
704.27	34.07	562225
701.93	34.00	562472
700.61	33.97	562719
700.29	33.97	562967
698.96	33.93	563214
697.61	33.90	563461
696.25	33.86	563708
694.88	33.83	563955
693.51	33.80	564202
693.14	33.80	564449
690.73	33.73	564697
691.37	33.76	564944
688.95	33.69	565191
688.56	33.69	565438
686.11	33.63	565686
685.70	33.63	565933
684.26	33.59	566180
683.83	33.59	566427
682.38	33.56	566674
680.92	33.52	566921
680.48	33.52	567168
679.01	33.49	567415
678.56	33.49	567663
677.08	33.46	567910
675.59	33.42	568157
675.11	33.42	568405
673.61	33.39	568652
673.13	33.39	568899
671.62	33.36	569146
671.13	33.36	569393
669.61	33.32	569641
669.11	33.32	569888
667.57	33.29	570135
667.06	33.29	570382
666.54	33.29	570629
666.03	33.29	570876
664.49	33.25	571124
662.94	33.22	571371
662.41	33.22	571618
660.84	33.19	571865
660.30	33.19	572112
659.75	33.19	572359
659.21	33.19	572606
658.67	33.19	572854
658.12	33.19	573101
657.58	33.19	573348
657.03	33.19	573595
656.49	33.19	573842
654.92	33.15	574089
654.36	33.15	574336
654.84	33.19	574584
652.24	33.12	574831
652.70	33.15	575078
652.15	33.15	575325
651.59	33.15	575572
651.04	33.15	575819
650.48	33.15	576066
649.93	33.15	576313
650.40	33.19	576561
648.83	33.15	576808
649.30	33.19	577055
649.79	33.22	577303
649.25	33.22	577550
648.72	33.22	577797
648.18	33.22	578044
647.65	33.22	578291
648.14	33.25	578538
646.59	33.22	578785
647.09	33.25	579033
647.59	33.29	579280
647.07	33.29	579527
646.56	33.29	579775
647.08	33.32	580022
647.60	33.36	580269
647.11	33.36	580516
646.61	33.36	580763
646.12	33.36	581010
645.63	33.36	581257
646.16	33.39	581504
646.70	33.42	581752
647.26	33.46	581999
646.80	33.46	582246
647.36	33.49	582493
646.91	33.49	582740
648.51	33.56	582988
648.08	33.56	583235
648.67	33.59	583482
649.28	33.63	583729
649.89	33.66	583976
649.49	33.66	584224
650.12	33.69	584471
650.75	33.73	584718
652.43	33.80	584965
652.07	33.80	585212
651.71	33.80	585459
652.37	33.83	585707
653.05	33.86	585954
653.74	33.90	586201
653.41	33.90	586448
654.10	33.93	586695
654.81	33.97	586942
655.53	34.00	587190
657.28	34.07	587437
657.00	34.07	587684
658.78	34.14	587931
659.55	34.17	588178
659.30	34.17	588425
660.07	34.20	588672
661.89	34.27	588919
661.67	34.27	589167
662.48	34.31	589414
663.30	34.34	589661
665.16	34.41	589908
666.01	34.44	590155
666.87	34.47	590402
666.71	34.47	590649
668.61	34.54	590896
668.47	34.54	591144
670.39	34.61	591391
671.30	34.64	591638
671.19	34.64	591885
673.14	34.71	592132
674.09	34.75	592380
676.06	34.81	592627
676.01	34.81	592874
675.95	34.81	593121
677.95	34.88	593368
678.94	34.92	593615
679.95	34.95	593862
681.99	35.02	594110
683.02	35.05	594357
684.07	35.09	594604
685.12	35.12	594851
685.15	35.12	595098
687.25	35.19	595346
688.33	35.22	595593
689.42	35.25	595840
691.56	35.32	596087
691.66	35.32	596334
692.78	35.36	596581
693.91	35.39	596829
695.06	35.42	597076
696.22	35.46	597323
697.38	35.49	597570
698.56	35.53	597818
700.77	35.59	598065
701.98	35.63	598312
702.17	35.63	598559
703.38	35.66	598806
704.61	35.70	599053
706.88	35.76	599301
708.13	35.80	599548
708.37	35.80	599795
709.64	35.83	600042
710.92	35.87	600289
712.21	35.90	600537
713.50	35.93	600784
714.81	35.97	601031
716.13	36.00	601278
717.46	36.04	601525
717.77	36.04	601773
720.14	36.10	602020
721.50	36.14	602267
721.84	36.14	602514
724.24	36.21	602761
724.60	36.21	603009
724.96	36.21	603256
727.38	36.27	603503
728.79	36.31	603750
730.21	36.34	603997
731.64	36.37	604245
732.05	36.37	604492
733.49	36.41	604739
733.92	36.41	604987
735.37	36.44	605234
737.85	36.51	605481
737.28	36.48	605729
739.78	36.54	605976
740.24	36.54	606223
741.74	36.58	606470
741.18	36.54	606717
743.70	36.61	606964
745.21	36.65	607211
745.70	36.65	607458
746.20	36.65	607706
747.72	36.68	607953
749.25	36.71	608201
749.77	36.71	608448
751.31	36.75	608695
751.84	36.75	608942
752.36	36.75	609189
753.92	36.78	609436
755.48	36.82	609683
756.02	36.82	609930
756.57	36.82	610178
758.14	36.85	610425
759.73	36.88	610672
759.26	36.85	610919
759.81	36.85	611166
760.37	36.85	611414
760.92	36.85	611661
762.51	36.88	611908
763.08	36.88	612155
764.67	36.92	612402
765.24	36.92	612650
765.82	36.92	612897
765.37	36.88	613144
765.93	36.88	613391
766.50	36.88	613638
768.09	36.92	613885
767.64	36.88	614133
768.20	36.88	614380
769.80	36.92	614627
770.37	36.92	614874
769.92	36.88	615121
769.45	36.85	615368
770.01	36.85	615615
770.56	36.85	615863
771.12	36.85	616110
770.65	36.82	616357
771.19	36.82	616604
771.74	36.82	616851
772.28	36.82	617098
771.80	36.78	617345
771.30	36.75	617593
772.86	36.78	617840
772.36	36.75	618087
771.86	36.71	618334
772.37	36.71	618581
771.86	36.68	618828
772.36	36.68	619075
771.84	36.65	619323
771.30	36.61	619570
771.79	36.61	619817
771.24	36.58	620064
770.68	36.54	620311
771.15	36.54	620558
770.58	36.51	620806
771.04	36.51	621053
770.46	36.48	621300
768.85	36.41	621547
769.27	36.41	621794
768.67	36.37	622041
768.05	36.34	622288
767.43	36.31	622535
766.79	36.27	622783
767.17	36.27	623030
766.52	36.24	623277
765.87	36.21	623525
764.17	36.14	623772
764.51	36.14	624019
763.83	36.10	624266
763.13	36.07	624513
762.42	36.04	624760
761.70	36.00	625007
760.97	35.97	625255
759.21	35.90	625502
758.45	35.87	625749
758.71	35.87	625997
758.97	35.87	626244
756.15	35.76	626491
756.37	35.76	626738
755.58	35.73	626985
754.76	35.70	627232
753.95	35.66	627479
753.12	35.63	627727
752.28	35.59	627974
751.43	35.56	628221
749.54	35.49	628468
749.69	35.49	628715
747.78	35.42	628963
747.91	35.42	629210
745.98	35.36	629457
745.06	35.32	629704
744.13	35.29	629951
744.21	35.29	630199
742.24	35.22	630446
742.31	35.22	630693
740.32	35.15	630940
739.34	35.12	631187
738.34	35.09	631434
737.34	35.05	631682
737.36	35.05	631929
735.32	34.98	632176
734.28	34.95	632423
733.24	34.92	632671
732.19	34.88	632918
731.12	34.85	633165
730.05	34.81	633412
728.97	34.78	633659
727.87	34.75	633907
725.74	34.68	634154
724.62	34.64	634401
723.48	34.61	634648
723.36	34.61	634896
721.19	34.54	635143
720.03	34.51	635390
718.85	34.47	635637
718.69	34.47	635884
716.48	34.41	636131
715.28	34.37	636378
714.06	34.34	636626
712.83	34.31	636873
711.60	34.27	637120
710.35	34.24	637367
710.12	34.24	637614
708.86	34.20	637862
706.57	34.14	638109
706.31	34.14	638356
704.00	34.07	638603
703.72	34.07	638850
702.41	34.03	639098
701.09	34.00	639345
699.76	33.97	639592
699.45	33.97	639840
698.12	33.93	640087
696.77	33.90	640334
695.41	33.86	640581
695.07	33.86	640828
693.70	33.83	641075
691.29	33.76	641323
689.89	33.73	641570
689.51	33.73	641817
688.10	33.69	642064
687.71	33.69	642312
686.29	33.66	642559
684.86	33.63	642806
684.45	33.63	643053
681.98	33.56	643300
680.52	33.52	643547
681.11	33.56	643794
679.65	33.52	644041
678.18	33.49	644289
677.73	33.49	644536
676.25	33.46	644783
674.76	33.42	645030
674.28	33.42	645277
673.81	33.42	645524
672.31	33.39	645771
671.83	33.39	646018
670.32	33.36	646266
669.82	33.36	646513
668.30	33.32	646760
667.80	33.32	647007
666.27	33.29	647254
666.78	33.32	647501
665.25	33.29	647748
664.74	33.29	647996
663.20	33.25	648243
662.67	33.25	648490
662.15	33.25	648737
661.62	33.25	648984
661.10	33.25	649231
660.58	33.25	649478
660.05	33.25	649726
658.50	33.22	649973
658.99	33.25	650220
657.44	33.22	650467
656.91	33.22	650714
657.40	33.25	650961
656.88	33.25	651208
656.35	33.25	651456
655.83	33.25	651703
655.31	33.25	651950
654.78	33.25	652197
654.26	33.25	652444
654.76	33.29	652691
653.22	33.25	652938
652.70	33.25	653186
654.23	33.32	653433
652.70	33.29	653680
653.21	33.32	653928
652.71	33.32	654175
652.21	33.32	654422
652.73	33.36	654669
652.24	33.36	654916
652.77	33.39	655163
652.29	33.39	655410
652.83	33.42	655657
652.36	33.42	655905
652.91	33.46	656152
652.45	33.46	656399
651.99	33.46	656647
653.58	33.52	656894
652.11	33.49	657141
653.71	33.56	657388
653.28	33.56	657635
653.87	33.59	657882
654.48	33.63	658129
654.07	33.63	658377
654.68	33.66	658624
654.28	33.66	658871
654.91	33.69	659118
655.54	33.73	659365
655.16	33.73	659612
655.81	33.76	659859
656.46	33.80	660107
658.16	33.86	660354
657.82	33.86	660601
657.47	33.86	660849
658.16	33.90	661096
658.86	33.93	661343
660.60	34.00	661590
660.30	34.00	661837
660.00	34.00	662084
660.72	34.03	662332
661.46	34.07	662579
663.23	34.14	662826
662.97	34.14	663073
663.74	34.17	663320
664.52	34.20	663568
665.31	34.24	663815
666.11	34.27	664062
666.92	34.31	664309
668.77	34.37	664556
668.58	34.37	664803
669.42	34.41	665050
670.27	34.44	665298
671.13	34.47	665545
672.00	34.51	665792
672.88	34.54	666039
673.77	34.58	666286
674.67	34.61	666533
675.58	34.64	666781
676.50	34.68	667028
677.43	34.71	667275
678.38	34.75	667522
679.33	34.78	667770
680.29	34.81	668017
681.26	34.85	668264
683.27	34.92	668511
682.22	34.88	668758
685.27	34.98	669006
686.29	35.02	669253
687.32	35.05	669501
688.37	35.09	669748
688.39	35.09	669995
689.44	35.12	670242
691.54	35.19	670490
692.62	35.22	670737
692.69	35.22	670984
694.81	35.29	671231
695.93	35.32	671479
697.05	35.36	671726
698.18	35.39	671973
699.33	35.42	672220
699.46	35.42	672467
701.64	35.49	672714
702.82	35.53	672961
704.00	35.56	673209
705.20	35.59	673456
706.41	35.63	673703
708.65	35.70	673950
708.86	35.70	674198
710.10	35.73	674445
712.37	35.80	674692
713.64	35.83	674939
714.92	35.87	675186
715.18	35.87	675433
717.49	35.93	675681
717.77	35.93	675928
718.05	35.93	676175
720.39	36.00	676422
720.69	36.00	676669
723.05	36.07	676916
724.40	36.10	677163
725.76	36.14	677411
726.10	36.14	677658
727.47	36.17	677905
727.82	36.17	678153
729.20	36.21	678400
731.62	36.27	678647
732.00	36.27	678894
733.41	36.31	679141
733.80	36.31	679388
736.25	36.37	679635
736.66	36.37	679882
737.07	36.37	680130
738.52	36.41	680377
739.97	36.44	680624
741.43	36.48	680871
742.90	36.51	681118
744.38	36.54	681365
743.81	36.51	681612
745.30	36.54	681860
747.82	36.61	682107
747.27	36.58	682354
747.75	36.58	682601
750.28	36.65	682848
750.77	36.65	683095
752.29	36.68	683343
751.77	36.65	683590
753.29	36.68	683837
753.80	36.68	684084
755.33	36.71	684331
755.84	36.71	684578
756.36	36.71	684825
757.90	36.75	685073
758.42	36.75	685320
758.95	36.75	685567
759.47	36.75	685814
761.03	36.78	686061
761.56	36.78	686308
762.10	36.78	686555
762.63	36.78	686803
762.13	36.75	687050
763.69	36.78	687297
764.22	36.78	687544
764.76	36.78	687791
765.29	36.78	688038
765.83	36.78	688285
766.36	36.78	688532
766.90	36.78	688780
767.43	36.78	689027
767.97	36.78	689274
768.50	36.78	689521
769.04	36.78	689768
768.54	36.75	690016
769.06	36.75	690263
768.56	36.71	690510
770.10	36.75	690757
769.60	36.71	691004
770.11	36.71	691251
770.63	36.71	691499
770.11	36.68	691746
771.65	36.71	691993
771.13	36.68	692240
770.61	36.65	692487
771.10	36.65	692735
771.59	36.65	692982
771.06	36.61	693229
770.52	36.58	693476
770.99	36.58	693723
771.46	36.58	693970
769.88	36.51	694217
770.33	36.51	694464
769.76	36.48	694712
770.20	36.48	694959
769.62	36.44	695206
769.02	36.41	695453
769.44	36.41	695700
769.87	36.41	695947
768.23	36.34	696194
768.63	36.34	696441
766.98	36.27	696689
767.36	36.27	696936
766.71	36.24	697183
766.06	36.21	697430
765.39	36.17	697677
764.71	36.14	697924
765.05	36.14	698171
764.37	36.10	698418
763.67	36.07	698666
762.96	36.04	698913
762.25	36.00	699160
761.52	35.97	699407
760.78	35.93	699655
761.06	35.93	699902
759.28	35.87	700149
758.52	35.83	700396
757.74	35.80	700643
757.98	35.80	700890
756.16	35.73	701137
756.38	35.73	701385
754.54	35.66	701632
753.71	35.63	701879
752.87	35.59	702127
752.02	35.56	702374
751.16	35.53	702621
750.29	35.49	702868
749.41	35.46	703115
749.55	35.46	703362
747.63	35.39	703609
746.72	35.36	703857
745.80	35.32	704104
744.87	35.29	704351
743.92	35.25	704598
742.97	35.22	704845
742.01	35.19	705092
741.04	35.15	705339
739.03	35.09	705587
739.05	35.09	705834
737.02	35.02	706081
736.00	34.98	706329
736.00	34.98	706576
734.96	34.95	706823
733.92	34.92	707070
732.87	34.88	707317
731.80	34.85	707564
729.70	34.78	707811
728.61	34.75	708058
728.53	34.75	708306
726.40	34.68	708553
725.28	34.64	708800
724.14	34.61	709048
724.02	34.61	709295
721.85	34.54	709542
721.71	34.54	709789
719.52	34.47	710036
719.37	34.47	710283
718.18	34.44	710530
716.98	34.41	710778
714.75	34.34	711025
715.58	34.37	711272
713.33	34.31	711519
712.10	34.27	711766
710.85	34.24	712013
709.60	34.20	712260
708.33	34.17	712507
708.08	34.17	712755
705.77	34.10	713002
705.50	34.10	713249
703.18	34.03	713496
702.89	34.03	713744
701.57	34.00	713991
701.27	34.00	714238
699.95	33.97	714485
698.61	33.93	714732
697.26	33.90	714979
695.90	33.86	715227
694.53	33.83	715474
694.18	33.83	715721
692.80	33.80	715968
691.41	33.76	716215
690.02	33.73	716462
689.63	33.73	716710
688.23	33.69	716957
686.80	33.66	717204
686.40	33.66	717451
684.97	33.63	717698
684.56	33.63	717945
683.12	33.59	718193
681.67	33.56	718440
680.21	33.52	718687
679.77	33.52	718934
678.30	33.49	719182
676.82	33.46	719429
676.36	33.46	719676
676.92	33.49	719923
674.41	33.42	720170
673.94	33.42	720418
673.47	33.42	720665
672.99	33.42	720912
672.52	33.42	721159
671.02	33.39	721407
670.54	33.39	721654
670.06	33.39	721902
668.55	33.36	722149
668.05	33.36	722397
667.56	33.36	722644
666.04	33.32	722891
666.56	33.36	723138
665.04	33.32	723386
665.57	33.36	723633
664.05	33.32	723880
663.54	33.32	724127
662.01	33.29	724374
662.52	33.32	724621
662.02	33.32	724869
661.52	33.32	725116
661.01	33.32	725363
660.51	33.32	725610
660.01	33.32	725857
659.50	33.32	726105
659.00	33.32	726352
659.52	33.36	726599
659.03	33.36	726847
658.54	33.36	727094
657.02	33.32	727341
658.57	33.39	727589
657.06	33.36	727836
657.59	33.39	728083
657.11	33.39	728330
657.65	33.42	728578
658.21	33.46	728825
657.74	33.46	729073
656.25	33.42	729320
656.81	33.46	729567
656.34	33.46	729814
657.93	33.52	730061
657.49	33.52	730309
657.05	33.52	730556
656.61	33.52	730803
657.19	33.56	731051
657.79	33.59	731298
657.37	33.59	731545
657.97	33.63	731792
658.59	33.66	732039
658.18	33.66	732286
658.81	33.69	732533
659.45	33.73	732781
660.09	33.76	733028
659.72	33.76	733275
660.38	33.80	733522
660.02	33.80	733770
660.68	33.83	734017
660.33	33.83	734264
662.04	33.90	734511
661.71	33.90	734758
662.40	33.93	735005
663.11	33.97	735252
662.80	33.97	735500
664.55	34.03	735747
664.26	34.03	735994
664.99	34.07	736241
665.74	34.10	736488
667.53	34.17	736735
668.31	34.20	736982
667.04	34.17	737229
668.84	34.24	737477
669.65	34.27	737724
669.43	34.27	737971
670.23	34.31	738219
672.08	34.37	738466
671.90	34.37	738713
672.73	34.41	738960
674.61	34.47	739207
675.48	34.51	739454
676.36	34.54	739701
677.25	34.58	739949
677.13	34.58	740196
679.05	34.64	740443
679.97	34.68	740690
679.88	34.68	740937
681.84	34.75	741184
681.76	34.75	741431
683.74	34.81	741679
683.68	34.81	741926
684.66	34.85	742173
686.67	34.92	742421
687.67	34.95	742668
687.66	34.95	742915
688.67	34.98	743162
690.72	35.05	743409
691.76	35.09	743656
692.82	35.12	743903
693.88	35.15	744151
694.96	35.19	744398
695.01	35.19	744645
697.12	35.25	744892
699.26	35.32	745139
699.35	35.32	745386
700.48	35.36	745633
702.64	35.42	745881
702.77	35.42	746128
703.92	35.46	746375
704.06	35.46	746622
705.23	35.49	746869
707.43	35.56	747117
708.63	35.59	747364
709.83	35.63	747611
712.08	35.70	747858
712.29	35.70	748105
713.53	35.73	748352
714.77	35.76	748599
716.03	35.80	748846
718.33	35.87	749094
718.59	35.87	749341
719.87	35.90	749588
721.17	35.93	749835
722.48	35.97	750082
723.80	36.00	750330
724.10	36.00	750578
726.45	36.07	750826
726.77	36.07	751073
728.13	36.10	751320
729.48	36.14	751567
731.88	36.21	751814
732.24	36.21	752062
733.63	36.24	752309
735.03	36.27	752556
735.41	36.27	752803
736.83	36.31	753050
738.25	36.34	753297
739.68	36.37	753545
739.06	36.34	753792
741.52	36.41	754039
742.97	36.44	754286
743.40	36.44	754534
744.87	36.48	754781
745.31	36.48	755028
745.75	36.48	755275
748.25	36.54	755523
748.71	36.54	755770
750.21	36.58	756018
751.71	36.61	756265
752.19	36.61	756512
753.70	36.65	756759
753.17	36.61	757006
754.68	36.65	757253
755.17	36.65	757501
756.70	36.68	757748
757.20	36.68	757995
757.71	36.68	758242
758.21	36.68	758489
760.77	36.75	758737
760.27	36.71	758984
759.75	36.68	759231
761.29	36.71	759478
762.83	36.75	759726
763.35	36.75	759973
764.91	36.78	760220
764.41	36.75	760467
765.97	36.78	760714
766.50	36.78	760961
767.04	36.78	761208
767.57	36.78	761456
768.10	36.78	761703
768.64	36.78	761950
768.14	36.75	762197
768.67	36.75	762445
769.19	36.75	762692
769.72	36.75	762939
770.24	36.75	763186
770.77	36.75	763433
770.26	36.71	763680
770.78	36.71	763928
771.29	36.71	764175
770.78	36.68	764422
771.28	36.68	764669
770.75	36.65	764916
771.25	36.65	765163
772.77	36.68	765410
772.25	36.65	765657
773.77	36.68	765905
772.22	36.61	766152
771.67	36.58	766399
772.15	36.58	766646
772.62	36.58	766893
772.06	36.54	767140
770.47	36.48	767387
771.94	36.51	767634
771.37	36.48	767882
771.81	36.48	768129
771.23	36.44	768376
770.63	36.41	768623
771.05	36.41	768871
770.45	36.37	769118
769.83	36.34	769365
770.23	36.34	769612
768.58	36.27	769860
768.96	36.27	770107
768.31	36.24	770355
768.69	36.24	770602
768.03	36.21	770849
767.36	36.17	771097
766.68	36.14	771344
766.00	36.10	771591
765.30	36.07	771838
765.62	36.07	772085
763.89	36.00	772332
764.19	36.00	772579
762.43	35.93	772826
762.71	35.93	773073
762.99	35.93	773321
761.21	35.87	773568
760.45	35.83	773815
760.70	35.83	774062
759.92	35.80	774309
758.10	35.73	774556
758.32	35.73	774803
756.48	35.66	775051
756.68	35.66	775298
755.85	35.63	775545
753.98	35.56	775792
754.15	35.56	776039
753.29	35.53	776286
753.45	35.53	776533
750.52	35.42	776781
750.65	35.42	777028
749.75	35.39	777275
748.84	35.36	777522
746.89	35.29	777770
746.98	35.29	778017
745.00	35.22	778265
745.07	35.22	778512
745.14	35.22	778759
743.15	35.15	779006
742.17	35.12	779253
742.20	35.12	779500
739.15	35.02	779748
739.16	35.02	779995
738.14	34.98	780242
736.07	34.92	780490
736.05	34.92	780737
735.00	34.88	780984
733.93	34.85	781231
732.86	34.81	781478
731.77	34.78	781725
730.68	34.75	781972
729.58	34.71	782219
728.46	34.68	782467
727.34	34.64	782714
726.20	34.61	782962
725.06	34.58	783209
723.90	34.54	783456
722.74	34.51	783703
721.57	34.47	783950
720.38	34.44	784198
719.18	34.41	784445
719.01	34.41	784692
716.77	34.34	784939
716.57	34.34	785186
714.32	34.27	785434
714.10	34.27	785681
712.85	34.24	785928
710.57	34.17	786175
710.32	34.17	786422
709.04	34.14	786669
707.76	34.10	786916
706.46	34.07	787164
706.18	34.07	787411
705.90	34.07	787658
703.57	34.00	787905
702.24	33.97	788152
700.90	33.93	788399
700.58	33.93	788647
699.23	33.90	788894
698.90	33.90	789141
697.54	33.86	789388
696.17	33.83	789636
694.80	33.80	789883
694.43	33.80	790130
693.04	33.76	790377
692.67	33.76	790624
691.27	33.73	790872
690.89	33.73	791119
689.49	33.69	791366
688.06	33.66	791613
687.66	33.66	791861
686.23	33.63	792108
685.82	33.63	792355
684.38	33.59	792602
683.96	33.59	792849
682.51	33.56	793097
682.08	33.56	793344
680.62	33.52	793591
680.18	33.52	793838
679.73	33.52	794085
678.26	33.49	794332
677.81	33.49	794579
677.36	33.49	794827
675.88	33.46	795074
675.42	33.46	795321
674.95	33.46	795568
673.46	33.42	795815
672.99	33.42	796063
672.51	33.42	796310
672.04	33.42	796557
671.57	33.42	796805
671.10	33.42	797052
670.62	33.42	797299
670.15	33.42	797546
668.65	33.39	797793
669.19	33.42	798041
667.69	33.39	798288
668.24	33.42	798535
666.74	33.39	798782
666.25	33.39	799030
666.80	33.42	799277
666.32	33.42	799524
665.85	33.42	799771
666.41	33.46	800018
664.92	33.42	800265
664.44	33.42	800513
665.00	33.46	800760
665.56	33.49	801007
664.08	33.46	801254
664.65	33.49	801502
664.19	33.49	801749
663.74	33.49	801996
663.29	33.49	802243
662.84	33.49	802490
663.41	33.52	802737
663.99	33.56	802984
663.56	33.56	803232
663.13	33.56	803479
663.73	33.59	803726
663.31	33.59	803973
662.88	33.59	804220
663.49	33.63	804467
663.08	33.63	804714
664.72	33.69	804962
663.30	33.66	805209
663.93	33.69	805456
664.56	33.73	805703
665.21	33.76	805950
664.84	33.76	806197
665.49	33.80	806444
665.13	33.80	806691
665.80	33.83	806939
666.47	33.86	807186
666.13	33.86	807433
666.82	33.90	807680
667.52	33.93	807927
667.20	33.93	808174
668.93	34.00	808421
668.63	34.00	808669
669.36	34.03	808916
670.10	34.07	809163
669.82	34.07	809410
670.57	34.10	809657
671.32	34.14	809904
673.12	34.20	810151
673.91	34.24	810398
674.71	34.27	810646
675.52	34.31	810893
675.31	34.31	811140
677.16	34.37	811387
675.94	34.34	811635
677.80	34.41	811882
678.65	34.44	812129
679.51	34.47	812376
680.38	34.51	812623
681.26	34.54	812870
682.15	34.58	813117
682.02	34.58	813365
683.95	34.64	813612
683.84	34.64	813859
685.79	34.71	814106
685.70	34.71	814354
687.67	34.78	814601
687.61	34.78	814848
688.57	34.81	815095
689.54	34.85	815342
690.53	34.88	815589
691.52	34.92	815837
693.55	34.98	816084
693.54	34.98	816331
694.57	35.02	816578
695.60	35.05	816826
697.67	35.12	817073
697.71	35.12	817320
697.74	35.12	817567
699.84	35.19	817814
700.92	35.22	818062
702.01	35.25	818309
703.12	35.29	818556
704.23	35.32	818803
704.33	35.32	819051
706.48	35.39	819298
707.63	35.42	819545
708.78	35.46	819792
709.95	35.49	820039
710.10	35.49	820286
711.27	35.53	820534
712.46	35.56	820781
714.68	35.63	821028
715.90	35.66	821275
716.10	35.66	821522
718.36	35.73	821769
718.57	35.73	822017
719.82	35.76	822264
721.08	35.80	822511
722.35	35.83	822758
722.60	35.83	823005
724.90	35.90	823253
725.17	35.90	823500
726.47	35.93	823747
727.78	35.97	823994
728.07	35.97	824241
729.39	36.00	824488
731.74	36.07	824736
732.06	36.07	824983
732.38	36.07	825230
733.73	36.10	825477
735.09	36.14	825725
736.46	36.17	825972
737.84	36.21	826220
738.20	36.21	826467
739.59	36.24	826714
740.99	36.27	826961
741.37	36.27	827208
742.79	36.31	827455
743.18	36.31	827702
744.60	36.34	827950
745.00	36.34	828197
746.43	36.37	828444
747.87	36.41	828692
748.30	36.41	828939
748.72	36.41	829186
750.17	36.44	829433
750.60	36.44	829680
752.06	36.48	829927
752.51	36.48	830175
753.98	36.51	830422
754.43	36.51	830669
754.88	36.51	830916
755.34	36.51	831163
756.82	36.54	831411
757.28	36.54	831658
756.72	36.51	831905
759.23	36.58	832152
759.70	36.58	832399
760.17	36.58	832646
761.67	36.61	832893
762.16	36.61	833140
762.64	36.61	833388
762.10	36.58	833635
763.60	36.61	833882
764.08	36.61	834129
763.54	36.58	834376
765.04	36.61	834623
765.52	36.61	834870
766.01	36.61	835118
765.46	36.58	835365
766.97	36.61	835612
766.42	36.58	835859
766.89	36.58	836106
767.37	36.58	836353
767.84	36.58	836600
768.32	36.58	836847
767.76	36.54	837095
768.22	36.54	837342
768.69	36.54	837589
769.15	36.54	837837
768.58	36.51	838084
769.04	36.51	838331
768.46	36.48	838578
767.88	36.44	838825
768.31	36.44	839072
768.74	36.44	839319
768.15	36.41	839566
767.54	36.37	839814
767.95	36.37	840061
767.34	36.34	840308
767.74	36.34	840555
767.12	36.31	840802
766.48	36.27	841049
766.86	36.27	841297
766.21	36.24	841544
766.59	36.24	841791
765.93	36.21	842038
765.26	36.17	842286
765.61	36.17	842533
764.94	36.14	842780
764.25	36.10	843027
763.55	36.07	843274
763.87	36.07	843522
762.14	36.00	843769
762.44	36.00	844016
761.71	35.97	844263
760.97	35.93	844511
761.25	35.93	844758
761.53	35.93	845005
759.76	35.87	845252
758.99	35.83	845499
758.21	35.80	845746
758.45	35.80	845994
757.66	35.76	846241
755.83	35.70	846488
756.04	35.70	846735
756.25	35.70	846982
754.40	35.63	847230
754.59	35.63	847477
753.75	35.59	847724
751.87	35.53	847971
752.03	35.53	848218
751.16	35.49	848465
750.28	35.46	848713
749.39	35.42	848960
748.49	35.39	849207
747.58	35.36	849455
746.66	35.32	849702
745.73	35.29	849949
744.78	35.25	850196
743.83	35.22	850443
743.90	35.22	850690
741.91	35.15	850937
741.96	35.15	851185
739.94	35.09	851432
738.94	35.05	851679
738.96	35.05	851926
737.94	35.02	852174
736.92	34.98	852421
734.86	34.92	852668
734.83	34.92	852915
733.78	34.88	853162
732.72	34.85	853409
731.64	34.81	853656
730.56	34.78	853903
729.47	34.75	854151
728.36	34.71	854398
728.27	34.71	854645
727.16	34.68	854892
726.04	34.64	855139
724.90	34.61	855387
723.76	34.58	855634
722.60	34.54	855882
720.41	34.47	856129
721.28	34.51	856376
720.11	34.47	856623
718.92	34.44	856870
717.73	34.41	857118
716.52	34.37	857365
715.30	34.34	857612
714.08	34.31	857860
712.84	34.27	858107
712.62	34.27	858354
711.37	34.24	858601
710.12	34.20	858848
707.82	34.14	859095
707.56	34.14	859342
707.30	34.14	859590
704.99	34.07	859837
703.68	34.03	860084
703.39	34.03	860331
704.13	34.07	860579
701.80	34.00	860826
701.50	34.00	861073
699.14	33.93	861320
698.82	33.93	861567
697.47	33.90	861814
696.11	33.86	862062
695.77	33.86	862309
695.43	33.86	862556
694.06	33.83	862803
692.69	33.80	863051
692.33	33.80	863298
690.94	33.76	863545
690.56	33.76	863792
689.17	33.73	864039
688.78	33.73	864287
687.38	33.69	864534
686.98	33.69	864781
685.56	33.66	865028
685.16	33.66	865275
684.76	33.66	865522
684.36	33.66	865770
682.93	33.63	866017
682.52	33.63	866264
682.11	33.63	866511
681.69	33.63	866758
681.28	33.63	867005
679.84	33.59	867252
679.42	33.59	867500
677.97	33.56	867747
677.54	33.56	867994
676.08	33.52	868241
676.66	33.56	868488
675.20	33.52	868735
675.79	33.56	868982
675.35	33.56	869230
674.92	33.56	869477
674.49	33.56	869724
673.03	33.52	869971
672.59	33.52	870218
672.15	33.52	870465
672.73	33.56	870712
672.30	33.56	870960
671.87	33.56	871207
671.43	33.56	871454
671.00	33.56	871701
670.57	33.56	871949
670.14	33.56	872196
670.73	33.59	872443
670.31	33.59	872690
669.89	33.59	872937
668.44	33.56	873184
669.03	33.59	873431
668.61	33.59	873678
668.19	33.59	873926
668.79	33.63	874173
668.38	33.63	874420
669.00	33.66	874667
668.60	33.66	874914
668.19	33.66	875161
667.79	33.66	875409
668.42	33.69	875656
668.03	33.69	875903
667.64	33.69	876150
667.24	33.69	876397
667.88	33.73	876644
667.50	33.73	876892
667.12	33.73	877139
666.74	33.73	877386
667.38	33.76	877633
667.01	33.76	877880
667.67	33.80	878128
667.31	33.80	878375
666.95	33.80	878622
667.61	33.83	878869
666.23	33.80	879116
666.90	33.83	879363
666.55	33.83	879610
