0.00	0.00	457384
0.00	19.51	457631
0.00	19.41	457877
0.00	19.38	458124
0.00	19.41	458371
0.00	19.38	458617
0.00	19.38	458864
0.00	19.35	459111
0.00	19.31	459358
0.00	19.28	459604
0.00	19.31	459851
0.00	19.35	460097
0.00	19.21	460344
0.00	19.21	460591
0.00	19.21	460837
0.00	19.21	461084
0.00	19.21	461331
0.00	19.18	461577
0.00	19.14	461824
0.00	19.11	462071
0.00	19.14	462318
0.00	19.04	462564
0.00	19.08	462811
0.00	19.11	463057
0.00	19.04	463304
0.00	19.01	463551
0.00	19.08	463797
0.00	18.97	464044
0.00	19.01	464291
0.00	18.94	464537
0.00	18.94	464784
0.00	18.87	465030
0.00	18.87	465277
0.00	18.84	465523
0.00	18.91	465770
0.00	18.87	466017
0.00	18.84	466264
0.00	18.81	466510
0.00	18.81	466757
0.00	18.77	467004
0.00	18.74	467250
0.00	18.81	467497
0.00	18.74	467743
0.00	18.74	467990
0.00	18.74	468237
0.00	18.67	468483
0.00	18.67	468730
0.00	18.67	468977
0.00	18.60	469223
0.00	18.64	469470
0.00	18.64	469716
0.00	18.60	469963
0.00	18.57	470210
0.00	18.57	470457
0.00	18.57	470703
0.00	18.54	470950
0.00	18.54	471196
0.00	18.57	471443
0.00	18.50	471690
0.00	18.50	471936
0.00	18.47	472183
0.00	18.47	472429
0.00	18.43	472676
0.00	18.43	472923
0.00	18.43	473169
0.00	18.40	473416
0.00	18.43	473662
0.00	18.40	473909
0.00	18.40	474156
0.00	18.37	474403
0.00	18.33	474649
0.00	18.33	474896
0.00	18.33	475142
0.00	18.37	475389
0.00	18.33	475636
0.00	18.33	475882
0.00	18.27	476129
0.00	18.30	476376
0.00	18.27	476622
0.00	18.27	476869
0.00	18.27	477115
0.00	18.27	477362
0.00	18.23	477609
0.00	18.27	477855
0.00	18.20	478102
0.00	18.13	478348
0.00	18.23	478595
0.00	18.16	478842
0.00	18.13	479088
0.00	18.13	479335
0.00	18.13	479581
0.00	18.16	479828
0.00	18.10	480075
0.00	18.10	480321
0.00	18.10	480568
0.00	18.06	480815
0.00	18.10	481061
0.00	18.06	481308
0.00	18.06	481554
0.00	18.03	481801
0.00	18.03	482047
0.00	18.06	482294
0.00	18.06	482541
0.00	18.00	482788
0.00	18.03	483035
0.00	18.03	483281
0.00	18.00	483528
0.00	18.00	483774
0.00	18.00	484021
0.00	17.96	484267
0.00	17.96	484514
0.00	17.93	484761
0.00	17.89	485007
0.00	17.93	485254
0.00	17.89	485501
0.00	17.93	485747
0.00	17.93	485994
0.00	17.89	486240
0.00	17.89	486487
0.00	17.89	486734
0.00	17.89	486981
0.00	17.86	487227
0.00	17.83	487474
0.00	17.86	487720
0.00	17.83	487967
0.00	17.79	488214
0.00	17.83	488460
0.00	17.79	488707
0.00	17.83	488954
0.00	17.83	489200
0.00	17.86	489447
0.00	17.76	489694
0.00	17.73	489940
0.00	17.76	490187
0.00	17.76	490434
0.00	17.76	490680
0.00	17.73	490927
0.00	17.69	491174
0.00	17.69	491420
0.00	17.69	491667
0.00	17.73	491913
0.00	17.69	492160
0.00	17.69	492407
0.00	17.69	492653
0.00	17.69	492900
0.00	17.66	493146
0.00	17.66	493393
0.00	17.66	493640
0.00	17.66	493886
0.00	17.62	494133
0.00	17.62	494379
0.00	17.62	494626
0.00	17.59	494873
0.00	17.59	495119
0.00	17.59	495366
0.00	17.59	495613
0.00	17.56	495859
0.00	17.59	496106
0.00	17.59	496352
0.00	17.52	496599
0.00	17.59	496845
0.00	17.59	497092
0.00	17.59	497339
0.00	17.56	497585
0.00	17.56	497832
0.00	17.56	498079
0.00	17.56	498325
0.00	17.52	498572
0.00	17.56	498818
0.00	17.59	499065
0.00	17.56	499312
0.00	17.52	499558
0.00	17.56	499805
0.00	17.56	500052
0.00	17.52	500298
0.00	17.59	500545
0.00	17.56	500791
0.00	17.56	501038
0.00	17.52	501284
0.00	17.59	501531
0.00	17.56	501778
0.00	17.56	502024
0.00	17.62	502271
0.00	17.59	502518
0.00	17.62	502764
0.00	17.56	503011
0.00	17.59	503258
0.00	17.59	503504
0.00	17.56	503751
0.00	17.56	503998
0.00	17.56	504244
0.00	17.56	504491
0.00	17.59	504738
0.00	17.59	504985
0.00	17.59	505231
0.00	17.62	505478
0.00	17.62	505724
0.00	17.66	505971
0.00	17.66	506217
0.00	17.69	506464
0.00	17.69	506711
0.00	17.62	506958
0.00	17.66	507204
0.00	17.69	507451
0.00	17.69	507698
0.00	17.66	507944
0.00	17.69	508191
0.00	17.69	508437
0.00	17.73	508684
0.00	17.73	508931
0.00	17.69	509177
0.00	17.73	509424
0.00	17.76	509671
0.00	17.76	509917
0.00	17.79	510164
0.00	17.79	510411
0.00	17.76	510657
0.00	17.83	510904
0.00	17.83	511151
0.00	17.83	511397
0.00	17.83	511644
0.00	17.86	511891
0.00	17.89	512137
0.00	17.86	512384
0.00	17.89	512630
0.00	17.96	512877
0.00	17.93	513124
0.00	17.96	513370
0.00	17.96	513617
0.00	18.00	513864
0.00	18.03	514110
0.00	18.03	514357
0.00	18.06	514604
0.00	18.06	514850
0.00	18.00	515097
0.00	18.06	515343
0.00	18.10	515590
0.00	18.10	515837
0.00	18.16	516083
0.00	18.13	516330
0.00	18.16	516576
0.00	18.23	516823
0.00	18.23	517070
0.00	18.27	517317
0.00	18.27	517563
0.00	18.30	517810
0.00	18.33	518057
0.00	18.30	518304
0.00	18.33	518550
0.00	18.37	518797
0.00	18.37	519044
0.00	18.37	519290
0.00	18.43	519537
0.00	18.43	519783
0.00	18.43	520030
0.00	18.50	520276
0.00	18.50	520523
0.00	18.54	520770
0.00	18.57	521017
0.00	18.60	521263
0.00	18.64	521510
0.00	18.64	521757
0.00	18.67	522003
0.00	18.70	522250
0.00	18.64	522496
0.00	18.70	522743
0.00	18.77	522990
0.00	18.74	523236
0.00	18.81	523483
0.00	18.81	523730
0.00	18.87	523976
0.00	18.84	524223
0.00	18.91	524470
0.00	18.91	524716
0.00	18.94	524963
0.00	18.91	525209
0.00	19.01	525456
0.00	18.97	525703
0.00	19.04	525949
0.00	19.01	526196
0.00	19.08	526442
0.00	19.11	526689
0.00	19.11	526936
0.00	19.18	527182
0.00	19.18	527429
0.00	19.21	527675
0.00	19.18	527922
0.00	19.24	528169
0.00	19.28	528415
0.00	19.31	528662
0.00	19.31	528909
0.00	19.35	529155
0.00	19.35	529402
0.00	19.35	529648
0.00	19.45	529895
0.00	19.45	530141
0.00	19.48	530388
0.00	19.48	530635
0.00	19.58	530882
0.00	19.51	531129
0.00	19.55	531375
0.00	19.65	531622
0.00	19.65	531868
0.00	19.65	532115
0.00	19.68	532361
0.00	19.72	532608
0.00	19.72	532855
0.00	19.78	533101
0.00	19.82	533348
0.00	19.85	533595
0.00	19.89	533841
0.00	19.89	534088
0.00	19.89	534335
0.13	19.99	534581
0.18	19.99	534828
0.27	20.02	535075
0.28	19.99	535321
0.37	20.02	535568
0.54	20.09	535815
0.73	20.16	536061
0.91	20.19	536308
1.00	20.16	536555
1.23	20.22	536802
1.40	20.22	537049
1.56	20.22	537296
1.87	20.33	537543
2.14	20.36	537790
2.36	20.36	538037
2.59	20.36	538284
2.87	20.39	538531
3.17	20.43	538778
3.54	20.49	539025
3.83	20.49	539272
4.18	20.53	539520
4.60	20.60	539767
4.89	20.56	540014
5.28	20.60	540261
5.67	20.63	540508
6.09	20.66	540755
6.52	20.70	541002
6.92	20.70	541249
7.37	20.73	541496
7.83	20.76	541743
8.32	20.80	541990
8.82	20.83	542237
9.33	20.87	542485
9.82	20.87	542732
10.40	20.93	542979
10.92	20.93	543226
11.54	21.00	543473
12.04	20.97	543720
12.77	21.10	543967
13.37	21.10	544214
14.02	21.14	544461
14.64	21.14	544708
15.36	21.20	544955
16.01	21.20	545203
16.77	21.27	545450
17.45	21.27	545697
18.24	21.34	545944
19.06	21.41	546191
19.76	21.37	546438
20.55	21.41	546685
21.46	21.51	546932
22.31	21.54	547179
23.18	21.58	547426
24.02	21.58	547673
24.96	21.64	547920
25.93	21.71	548167
26.89	21.74	548414
27.81	21.74	548661
28.83	21.81	548908
29.89	21.88	549155
30.88	21.88	549403
31.87	21.88	549650
32.91	21.91	549897
34.02	21.98	550144
35.11	22.01	550391
36.27	22.08	550638
37.41	22.12	550885
38.52	22.12	551132
39.62	22.12	551379
40.89	22.22	551626
42.09	22.25	551874
43.32	22.29	552121
44.56	22.32	552368
45.87	22.39	552615
47.22	22.45	552862
48.50	22.45	553109
49.77	22.45	553356
51.15	22.52	553603
52.51	22.56	553850
53.94	22.62	554098
55.35	22.66	554345
56.78	22.69	554592
58.28	22.76	554839
59.76	22.79	555086
61.21	22.79	555333
62.75	22.86	555580
64.23	22.86	555827
65.81	22.93	556074
67.38	22.96	556321
69.01	23.03	556569
70.68	23.10	556816
72.22	23.06	557063
73.91	23.13	557310
75.62	23.20	557557
77.32	23.23	557804
79.04	23.27	558051
80.77	23.30	558298
82.57	23.37	558545
84.31	23.37	558792
86.14	23.43	559039
87.96	23.47	559286
89.85	23.54	559534
91.71	23.57	559781
93.65	23.64	560029
95.52	23.64	560276
97.44	23.67	560522
99.32	23.67	560770
101.31	23.74	561017
103.38	23.84	561264
105.30	23.81	561511
107.36	23.87	561758
109.39	23.91	562005
111.45	23.94	562252
113.52	23.98	562499
115.61	24.01	562746
117.66	24.01	562993
119.92	24.14	563240
122.04	24.14	563487
124.22	24.18	563734
126.41	24.21	563981
128.66	24.28	564228
130.90	24.31	564476
133.21	24.38	564723
135.45	24.38	564970
137.74	24.41	565217
140.15	24.52	565464
142.46	24.52	565711
144.82	24.55	565958
147.25	24.62	566205
149.71	24.69	566452
152.05	24.65	566699
154.53	24.72	566946
157.04	24.79	567193
159.53	24.82	567440
162.04	24.85	567687
164.62	24.92	567934
167.13	24.92	568181
169.70	24.96	568428
172.33	25.02	568675
174.89	25.02	568922
177.55	25.09	569170
180.25	25.16	569417
182.98	25.23	569664
185.69	25.26	569911
188.42	25.29	570158
191.07	25.26	570405
193.95	25.40	570652
196.70	25.40	570899
199.55	25.46	571147
202.49	25.57	571394
205.32	25.57	571641
208.20	25.60	571888
211.10	25.63	572135
214.12	25.73	572382
217.04	25.73	572629
220.06	25.80	572876
223.11	25.87	573123
226.09	25.87	573371
229.13	25.90	573618
232.23	25.97	573865
235.27	25.97	574112
238.40	26.04	574359
241.58	26.11	574606
244.88	26.24	574853
248.00	26.21	575100
251.21	26.24	575347
254.58	26.38	575594
257.87	26.41	575841
261.12	26.41	576088
264.43	26.44	576335
267.86	26.55	576582
271.23	26.58	576829
274.62	26.61	577076
278.03	26.65	577323
281.55	26.75	577570
284.98	26.75	577818
288.56	26.85	578065
292.08	26.88	578312
295.63	26.92	578559
299.24	26.99	578806
302.83	27.02	579053
306.49	27.09	579300
310.19	27.16	579547
313.87	27.19	579794
317.61	27.26	580041
321.34	27.29	580288
325.14	27.36	580535
328.92	27.39	580782
332.77	27.46	581029
336.65	27.53	581277
340.51	27.56	581524
344.34	27.56	581771
348.33	27.66	582018
352.21	27.66	582265
356.24	27.76	582512
360.23	27.80	582759
364.28	27.87	583006
368.31	27.90	583253
372.41	27.97	583501
376.50	28.00	583748
380.65	28.07	583995
384.84	28.14	584242
389.01	28.17	584489
393.24	28.24	584737
397.41	28.24	584984
401.63	28.27	585232
405.92	28.34	585479
410.19	28.37	585726
414.48	28.41	585973
418.89	28.51	586220
423.24	28.54	586467
427.61	28.58	586714
432.05	28.65	586961
436.43	28.65	587208
440.90	28.71	587455
445.41	28.78	587702
449.90	28.81	587949
454.41	28.85	588196
458.98	28.92	588443
463.59	28.98	588691
468.19	29.02	588938
472.85	29.09	589185
477.49	29.12	589432
482.10	29.12	589679
486.86	29.22	589926
491.57	29.25	590173
496.35	29.32	590420
501.06	29.32	590667
505.88	29.39	590915
510.67	29.42	591162
515.49	29.46	591409
520.32	29.49	591656
525.16	29.53	591904
530.13	29.63	592151
535.04	29.66	592398
539.97	29.70	592645
544.97	29.76	592892
549.90	29.76	593139
554.94	29.83	593386
559.95	29.86	593633
565.09	29.97	593881
570.07	29.93	594128
575.19	30.00	594375
580.39	30.10	594622
585.49	30.10	594869
590.64	30.14	595116
595.81	30.17	595363
601.05	30.24	595610
606.22	30.24	595857
611.38	30.24	596104
616.76	30.37	596351
622.09	30.44	596598
627.26	30.37	596845
632.60	30.44	597093
637.97	30.51	597340
643.23	30.47	597587
648.67	30.58	597834
654.05	30.61	598081
659.46	30.64	598328
664.88	30.68	598575
670.32	30.71	598822
675.78	30.75	599069
681.20	30.75	599316
686.67	30.78	599564
692.27	30.88	599811
697.76	30.88	600058
703.25	30.88	600305
708.84	30.95	600552
714.42	30.98	600799
720.01	31.02	601046
725.57	31.02	601293
731.12	31.02	601541
736.78	31.08	601788
742.48	31.15	602035
748.15	31.19	602282
753.80	31.19	602529
759.39	31.15	602776
765.17	31.25	603024
770.90	31.29	603271
776.54	31.25	603518
782.27	31.29	603765
788.01	31.32	604012
793.77	31.36	604259
799.60	31.42	604506
805.36	31.42	604753
811.18	31.46	605001
816.95	31.46	605248
822.73	31.46	605495
828.56	31.49	605742
834.36	31.49	605989
840.36	31.63	606236
846.07	31.52	606483
850.00	31.49	606730
850.00	31.56	606977
850.00	31.52	607224
850.00	31.63	607471
850.00	31.59	607718
850.00	31.59	607965
850.00	31.66	608212
850.00	31.63	608459
850.00	31.63	608706
850.00	31.63	608953
850.00	31.66	609200
850.00	31.59	609448
850.00	31.73	609695
850.00	31.66	609942
850.00	31.69	610190
850.00	31.63	610437
850.00	31.63	610684
850.00	31.63	610931
850.00	31.56	611178
850.00	31.63	611425
850.00	31.63	611672
850.00	31.63	611919
850.00	31.63	612166
850.00	31.56	612413
850.00	31.59	612660
850.00	31.59	612907
850.00	31.56	613154
850.00	31.56	613401
850.00	31.56	613648
850.00	31.52	613896
850.00	31.46	614143
850.00	31.49	614390
850.00	31.42	614637
850.00	31.46	614884
850.00	31.39	615131
850.00	31.39	615378
850.00	31.32	615625
850.00	31.32	615872
850.00	31.32	616120
850.00	31.25	616367
850.00	31.22	616614
850.00	31.22	616861
850.00	31.15	617108
850.00	31.08	617355
850.00	31.08	617602
850.00	31.02	617849
850.00	31.02	618096
850.00	31.02	618343
850.00	30.88	618591
850.00	30.85	618838
850.00	30.78	619085
850.00	30.81	619332
850.00	30.78	619579
850.00	30.71	619826
850.00	30.61	620073
850.00	30.64	620320
850.00	30.61	620567
850.00	30.51	620815
850.00	30.51	621062
850.00	30.47	621309
850.00	30.37	621556
850.00	30.34	621803
850.00	30.34	622050
850.00	30.27	622297
850.00	30.20	622544
850.00	30.14	622791
850.00	30.17	623038
850.00	30.00	623285
850.00	30.03	623532
850.00	29.93	623779
850.00	29.86	624027
850.00	29.83	624274
850.00	29.80	624521
850.00	29.73	624768
850.00	29.66	625015
850.00	29.63	625262
850.00	29.59	625509
850.00	29.53	625756
850.00	29.49	626003
850.00	29.46	626250
850.00	29.29	626497
850.00	29.32	626744
850.00	29.22	626991
850.00	29.05	627238
850.00	29.09	627485
850.00	29.05	627732
850.00	28.95	627979
850.00	28.98	628227
850.00	28.85	628474
850.00	28.85	628721
850.00	28.81	628968
850.00	28.68	629215
850.00	28.58	629462
850.00	28.54	629709
850.00	28.48	629956
850.00	28.41	630203
850.00	28.37	630450
850.00	28.27	630697
850.00	28.31	630944
850.00	28.17	631191
850.00	28.10	631439
850.00	28.07	631686
850.00	28.04	631933
850.00	27.93	632180
850.00	27.87	632427
850.00	27.83	632674
850.00	27.73	632921
850.00	27.66	633168
850.00	27.60	633415
850.00	27.56	633663
850.00	27.53	633910
850.00	27.36	634157
850.00	27.36	634404
850.00	27.26	634651
850.00	27.22	634898
850.00	27.19	635145
850.00	27.12	635392
850.00	27.05	635640
850.00	26.92	635887
850.00	26.88	636134
850.00	26.82	636381
850.00	26.75	636628
850.00	26.75	636875
850.00	26.61	637122
850.00	26.61	637369
850.00	26.55	637616
850.00	26.41	637864
850.00	26.38	638111
850.00	26.31	638358
850.00	26.31	638605
850.00	26.21	638852
850.00	26.14	639099
850.00	26.11	639346
850.00	26.04	639593
850.00	25.97	639840
850.00	25.94	640087
850.00	25.90	640334
850.00	25.80	640581
850.00	25.73	640829
850.00	25.70	641076
850.00	25.67	641323
850.00	25.57	641570
850.00	25.50	641817
850.00	25.46	642065
850.00	25.43	642312
850.00	25.40	642559
850.00	25.33	642806
850.00	25.29	643053
850.00	25.19	643300
850.00	25.16	643547
850.00	25.16	643794
850.00	25.09	644042
850.00	25.09	644289
850.00	24.96	644536
850.00	24.89	644783
850.00	24.85	645030
850.00	24.79	645278
850.00	24.75	645525
850.00	24.75	645772
850.00	24.69	646019
850.00	24.65	646266
850.00	24.58	646513
850.00	24.55	646760
850.00	24.52	647007
850.00	24.45	647254
850.00	24.38	647501
850.00	24.38	647748
850.00	24.25	647995
850.00	24.25	648242
850.00	24.25	648489
850.00	24.08	648736
850.00	24.11	648983
850.00	24.08	649230
850.00	24.01	649478
850.00	24.01	649725
850.00	23.87	649972
850.00	23.91	650219
850.00	23.81	650466
850.00	23.81	650713
850.00	23.77	650960
850.00	23.70	651207
850.00	23.64	651454
850.00	23.60	651701
850.00	23.54	651949
850.00	23.47	652196
850.00	23.43	652443
850.00	23.40	652690
850.00	23.40	652937
850.00	23.33	653184
850.00	23.23	653431
850.00	23.27	653678
850.00	23.20	653925
850.00	23.13	654172
850.00	23.10	654419
850.00	23.10	654666
850.00	23.03	654913
850.00	22.99	655161
850.00	22.89	655408
850.00	22.93	655655
850.00	22.83	655902
850.00	22.79	656149
850.00	22.76	656396
850.00	22.72	656643
850.00	22.66	656890
850.00	22.62	657137
850.00	22.62	657384
850.00	22.56	657631
850.00	22.56	657879
850.00	22.45	658126
850.00	22.45	658373
850.00	22.35	658620
850.00	22.39	658867
850.00	22.32	659114
850.00	22.29	659361
850.00	22.29	659608
850.00	22.15	659855
850.00	22.18	660102
850.00	22.15	660349
850.00	22.05	660596
850.00	22.01	660843
850.00	21.95	661091
850.00	21.95	661338
850.00	21.91	661585
850.00	21.91	661832
850.00	21.88	662079
850.00	21.85	662327
850.00	21.81	662574
850.00	21.71	662821
850.00	21.71	663068
850.00	21.74	663315
850.00	21.64	663562
850.00	21.61	663809
850.00	21.58	664056
850.00	21.54	664303
850.00	21.54	664550
850.00	21.51	664797
850.00	21.44	665044
850.00	21.44	665291
850.00	21.37	665538
850.00	21.37	665785
850.00	21.30	666032
850.00	21.30	666279
850.00	21.27	666527
850.00	21.24	666774
850.00	21.20	667021
850.00	21.17	667268
850.00	21.14	667515
850.00	21.07	667762
850.00	21.07	668009
850.00	21.07	668256
850.00	21.00	668503
850.00	20.97	668750
850.00	20.97	668998
850.00	20.90	669245
850.00	20.90	669492
850.00	20.87	669739
850.00	20.83	669986
850.00	20.80	670233
850.00	20.76	670480
850.00	20.73	670727
850.00	20.73	670974
850.00	20.66	671222
850.00	20.63	671469
850.00	20.63	671716
850.00	20.60	671963
850.00	20.56	672210
850.00	20.53	672457
850.00	20.49	672704
850.00	20.56	672951
850.00	20.49	673198
850.00	20.46	673445
850.00	20.43	673693
850.00	20.33	673940
850.00	20.39	674187
850.00	20.33	674434
850.00	20.33	674681
850.00	20.33	674928
850.00	20.26	675175
850.00	20.22	675422
850.00	20.19	675669
850.00	20.19	675916
850.00	20.16	676163
850.00	20.12	676410
850.00	20.12	676657
850.00	20.09	676904
850.00	20.09	677152
850.00	20.05	677399
850.00	20.02	677646
850.00	20.02	677893
850.00	19.99	678140
850.00	19.92	678387
850.00	19.95	678634
850.00	19.92	678881
850.00	19.92	679128
849.98	19.89	679375
849.97	19.89	679623
849.81	19.78	679870
849.76	19.78	680116
849.65	19.75	680364
849.57	19.75	680611
849.50	19.75	680858
849.32	19.68	681105
849.21	19.68	681352
849.06	19.65	681599
848.98	19.68	681846
848.82	19.65	682093
848.65	19.62	682340
848.45	19.58	682587
848.29	19.58	682834
848.03	19.51	683081
847.84	19.51	683328
847.65	19.51	683576
847.46	19.51	683823
847.16	19.45	684070
846.94	19.45	684317
846.61	19.38	684564
846.40	19.41	684811
846.11	19.38	685059
845.85	19.38	685306
845.58	19.38	685553
845.32	19.38	685801
844.91	19.28	686048
844.60	19.28	686295
844.24	19.24	686542
843.96	19.28	686789
843.55	19.21	687036
843.16	19.18	687283
842.79	19.18	687530
842.43	19.18	687777
841.97	19.11	688024
841.57	19.11	688271
841.13	19.08	688518
840.67	19.04	688766
840.24	19.04	689013
839.86	19.08	689260
839.29	18.97	689507
838.83	18.97	689754
838.32	18.94	690001
837.89	18.97	690248
837.32	18.91	690495
836.83	18.91	690742
836.33	18.91	690989
835.78	18.87	691236
835.17	18.81	691483
834.62	18.81	691730
834.02	18.77	691977
833.46	18.77	692224
832.90	18.77	692471
832.28	18.74	692719
831.65	18.70	692966
831.05	18.70	693213
830.40	18.67	693460
829.79	18.67	693707
829.07	18.60	693954
828.37	18.57	694201
827.76	18.60	694448
827.01	18.54	694695
826.38	18.57	694942
825.61	18.50	695189
824.86	18.47	695437
824.25	18.54	695684
823.46	18.47	695931
822.70	18.43	696178
821.91	18.40	696425
821.21	18.43	696672
820.43	18.40	696919
819.68	18.40	697166
818.88	18.37	697413
818.06	18.33	697660
817.28	18.33	697907
816.44	18.30	698154
815.64	18.30	698402
814.79	18.27	698649
814.03	18.30	698896
813.18	18.27	699143
812.26	18.20	699390
811.41	18.20	699637
810.61	18.23	699885
809.72	18.20	700132
808.82	18.16	700379
807.95	18.16	700626
807.03	18.13	700873
806.25	18.20	701120
805.30	18.13	701367
804.36	18.10	701614
803.41	18.06	701861
802.49	18.06	702108
801.57	18.06	702355
800.55	18.00	702602
799.65	18.03	702849
798.66	18.00	703096
797.76	18.03	703343
796.78	18.00	703590
795.82	18.00	703838
794.77	17.93	704085
793.83	17.96	704332
792.81	17.93	704579
791.88	17.96	704826
790.81	17.89	705074
789.81	17.89	705321
788.80	17.89	705568
787.75	17.86	705815
786.63	17.79	706062
785.62	17.83	706309
784.59	17.83	706556
783.50	17.79	706803
782.45	17.79	707050
781.39	17.79	707297
780.29	17.76	707544
779.22	17.76	707792
778.10	17.73	708039
777.01	17.73	708286
775.92	17.73	708533
774.78	17.69	708780
773.78	17.76	709027
772.66	17.73	709274
771.47	17.66	709521
770.30	17.62	709768
769.16	17.62	710015
768.07	17.66	710263
767.00	17.69	710510
765.75	17.59	710757
764.64	17.62	711004
763.40	17.56	711251
762.28	17.59	711498
761.08	17.56	711745
759.86	17.52	711992
758.67	17.52	712239
757.43	17.49	712486
756.27	17.52	712734
754.93	17.42	712981
753.74	17.46	713228
752.52	17.46	713475
751.35	17.49	713722
750.04	17.42	713969
748.80	17.42	714216
747.56	17.42	714463
746.27	17.39	714710
745.02	17.39	714957
743.76	17.39	715204
742.41	17.32	715451
741.12	17.32	715698
739.88	17.35	715945
738.65	17.39	716192
737.30	17.32	716439
736.01	17.32	716687
734.72	17.32	716934
733.43	17.32	717181
732.09	17.29	717428
730.78	17.29	717675
729.42	17.25	717923
728.10	17.25	718170
726.67	17.19	718417
725.42	17.25	718664
724.04	17.22	718911
722.75	17.25	719158
721.43	17.25	719405
720.00	17.19	719653
718.65	17.19	719900
717.29	17.19	720147
715.93	17.19	720394
714.52	17.15	720641
713.15	17.15	720888
711.83	17.19	721135
710.37	17.12	721382
709.03	17.15	721629
707.70	17.19	721876
706.25	17.12	722123
704.96	17.19	722370
703.50	17.12	722617
702.16	17.15	722864
700.68	17.08	723112
699.27	17.08	723359
697.81	17.05	723606
696.39	17.05	723853
695.02	17.08	724100
693.61	17.08	724348
692.15	17.05	724595
690.77	17.08	724842
689.27	17.02	725089
687.92	17.08	725336
686.42	17.02	725583
684.92	16.98	725830
683.52	17.02	726077
682.02	16.98	726324
680.62	17.02	726571
679.17	17.02	726818
677.73	17.02	727065
676.24	16.98	727312
674.78	16.98	727559
673.27	16.95	727806
671.75	16.92	728053
670.30	16.95	728300
668.83	16.95	728548
667.25	16.88	728795
665.84	16.95	729042
664.27	16.88	729289
662.81	16.92	729536
661.27	16.88	729783
659.81	16.92	730030
658.26	16.88	730277
656.81	16.92	730524
655.31	16.92	730771
653.77	16.88	731019
652.26	16.88	731266
650.75	16.88	731513
649.19	16.85	731760
647.61	16.81	732007
646.07	16.81	732254
644.53	16.81	732501
642.94	16.78	732748
641.43	16.81	732995
639.88	16.81	733242
638.39	16.85	733489
636.81	16.81	733736
635.22	16.78	733983
633.66	16.78	734230
632.05	16.75	734477
630.47	16.75	734725
628.74	16.65	734972
627.22	16.71	735219
625.57	16.68	735466
624.01	16.71	735713
622.42	16.71	735960
620.78	16.68	736207
619.17	16.68	736454
617.51	16.65	736702
615.93	16.68	736949
614.27	16.65	737196
612.54	16.58	737443
610.98	16.65	737690
609.35	16.65	737937
607.72	16.65	738184
606.00	16.58	738431
604.34	16.58	738679
602.67	16.58	738926
600.96	16.54	739173
599.28	16.54	739420
597.66	16.58	739667
596.00	16.58	739914
594.39	16.61	740161
592.64	16.54	740408
590.91	16.51	740655
589.27	16.54	740902
587.54	16.51	741149
585.79	16.48	741396
584.23	16.58	741643
582.42	16.48	741890
580.76	16.51	742137
579.06	16.51	742384
577.32	16.48	742632
575.61	16.48	742879
573.85	16.44	743126
572.12	16.44	743373
570.34	16.41	743620
568.64	16.44	743867
566.91	16.44	744114
565.14	16.41	744361
563.39	16.41	744608
561.70	16.44	744855
559.87	16.38	745103
558.15	16.41	745350
556.41	16.41	745597
554.61	16.38	745844
552.90	16.41	746091
551.16	16.41	746338
549.36	16.38	746585
547.60	16.38	746832
545.89	16.41	747079
543.99	16.31	747326
542.24	16.34	747573
540.46	16.34	747821
538.63	16.31	748068
536.94	16.38	748315
535.13	16.34	748562
533.35	16.34	748809
531.52	16.31	749056
529.72	16.31	749303
527.93	16.31	749550
526.13	16.31	749797
524.38	16.34	750044
522.66	16.38	750292
520.79	16.31	750539
519.00	16.31	750786
517.25	16.34	751033
515.37	16.27	751280
513.56	16.27	751527
511.69	16.24	751774
509.86	16.24	752021
508.19	16.34	752268
506.31	16.27	752515
504.44	16.24	752763
502.61	16.24	753010
500.83	16.27	753257
499.02	16.27	753504
497.16	16.24	753751
495.33	16.24	753998
493.55	16.27	754245
491.68	16.24	754492
489.85	16.24	754739
488.08	16.27	754986
486.21	16.24	755233
484.28	16.17	755480
482.47	16.21	755727
480.67	16.24	755974
478.79	16.21	756222
477.05	16.27	756469
475.23	16.27	756716
473.37	16.24	756963
471.49	16.21	757210
469.59	16.17	757457
467.83	16.24	757704
465.95	16.21	757951
464.10	16.21	758198
462.31	16.24	758445
460.43	16.21	758692
458.63	16.24	758939
456.80	16.24	759186
454.92	16.21	759433
453.12	16.24	759681
451.24	16.21	759928
449.45	16.24	760175
447.57	16.21	760422
445.77	16.24	760669
443.94	16.24	760916
442.11	16.24	761163
440.28	16.24	761410
438.40	16.21	761657
436.61	16.24	761905
434.78	16.24	762152
432.90	16.21	762399
431.10	16.24	762646
429.22	16.21	762893
427.37	16.21	763140
425.58	16.24	763387
423.70	16.21	763634
421.90	16.24	763881
420.02	16.21	764128
418.27	16.27	764376
416.41	16.24	764623
414.48	16.17	764870
412.77	16.27	765117
410.85	16.21	765364
408.96	16.17	765611
407.20	16.24	765858
405.31	16.21	766105
403.52	16.24	766353
401.74	16.27	766600
399.83	16.21	766847
397.98	16.21	767094
396.23	16.27	767341
394.27	16.17	767588
392.41	16.17	767835
390.49	16.14	768082
388.66	16.17	768330
386.90	16.24	768577
384.92	16.14	768824
383.24	16.27	769071
381.48	16.31	769318
379.58	16.24	769565
377.70	16.21	769812
375.95	16.27	770059
374.04	16.21	770306
372.19	16.21	770553
370.35	16.21	770800
368.55	16.24	771047
366.77	16.27	771294
364.86	16.21	771541
363.11	16.27	771789
361.25	16.24	772036
359.47	16.27	772283
357.71	16.31	772530
355.76	16.21	772777
354.06	16.31	773024
352.27	16.31	773271
350.37	16.24	773518
348.54	16.24	773765
346.81	16.31	774012
344.92	16.24	774259
343.14	16.27	774506
341.27	16.24	774753
339.44	16.24	775000
337.72	16.31	775247
335.82	16.24	775494
334.14	16.34	775741
332.21	16.24	775988
330.58	16.38	776235
328.62	16.24	776482
326.89	16.31	776730
325.09	16.31	776977
323.20	16.24	777224
321.57	16.38	777471
319.70	16.31	777718
318.06	16.41	777965
316.21	16.34	778212
314.43	16.34	778459
312.76	16.41	778706
310.96	16.38	778953
309.20	16.38	779200
307.33	16.31	779447
305.69	16.41	779695
303.95	16.41	779942
302.20	16.41	780189
300.45	16.41	780436
298.81	16.48	780683
297.05	16.44	780930
295.22	16.38	781178
293.56	16.44	781425
291.78	16.41	781672
290.08	16.44	781919
288.25	16.38	782166
286.54	16.41	782413
284.85	16.44	782660
283.02	16.38	782907
281.46	16.51	783154
279.66	16.44	783401
277.83	16.38	783648
276.27	16.51	783895
274.37	16.38	784142
272.92	16.58	784389
271.05	16.44	784636
269.32	16.44	784884
267.75	16.54	785131
265.97	16.48	785378
264.41	16.58	785625
262.70	16.54	785872
260.87	16.44	786119
259.34	16.58	786366
257.63	16.54	786613
256.10	16.65	786860
254.37	16.58	787108
252.76	16.61	787355
251.02	16.54	787602
249.44	16.61	787849
247.85	16.65	788096
246.37	16.75	788343
244.59	16.61	788590
243.05	16.68	788837
241.29	16.58	789084
239.78	16.68	789331
238.22	16.71	789578
236.63	16.71	789825
234.93	16.65	790072
233.46	16.75	790319
231.73	16.65	790566
230.15	16.68	790814
228.49	16.65	791061
227.01	16.75	791308
225.28	16.65	791555
223.66	16.65	791802
222.18	16.75	792049
220.66	16.78	792296
219.10	16.78	792543
217.59	16.81	792790
216.04	16.81	793037
214.45	16.78	793284
212.94	16.81	793531
211.30	16.75	793779
209.67	16.71	794026
208.33	16.88	794273
206.82	16.88	794520
205.31	16.88	794767
203.75	16.85	795014
202.28	16.88	795261
200.82	16.92	795508
199.32	16.92	795755
197.93	16.98	796003
196.47	16.98	796250
194.97	16.95	796497
193.54	16.98	796744
192.03	16.95	796991
190.66	17.02	797238
189.22	17.02	797485
187.72	16.98	797732
186.37	17.05	797979
184.89	17.02	798226
183.50	17.05	798473
182.07	17.05	798721
180.65	17.05	798968
179.38	17.15	799215
177.95	17.12	799462
176.51	17.08	799709
175.15	17.12	799956
173.81	17.15	800203
172.44	17.15	800450
171.11	17.19	800697
169.71	17.15	800945
168.43	17.22	801192
167.09	17.22	801439
165.75	17.22	801686
164.46	17.25	801933
163.14	17.25	802180
161.82	17.25	802427
160.54	17.29	802674
159.29	17.32	802921
158.00	17.32	803168
156.71	17.32	803415
155.42	17.32	803662
154.23	17.39	803909
153.02	17.42	804157
151.73	17.39	804404
150.48	17.39	804651
149.32	17.46	804898
148.05	17.42	805145
146.86	17.46	805393
145.69	17.49	805640
144.43	17.46	805887
143.26	17.49	806134
142.11	17.52	806381
140.97	17.56	806628
139.85	17.59	806875
138.69	17.59	807122
137.54	17.59	807369
136.43	17.62	807616
135.29	17.62	807863
134.16	17.62	808110
133.07	17.66	808357
132.00	17.69	808604
130.89	17.69	808851
129.89	17.76	809098
128.82	17.76	809345
127.75	17.76	809593
126.78	17.83	809840
125.79	17.86	810087
124.57	17.73	810334
123.64	17.83	810581
122.65	17.86	810828
121.68	17.89	811075
120.68	17.89	811322
119.73	17.93	811569
118.74	17.93	811817
117.80	17.96	812064
116.89	18.00	812311
115.98	18.03	812558
115.00	18.00	812805
114.15	18.06	813052
113.18	18.03	813299
112.34	18.10	813546
111.49	18.13	813794
110.61	18.13	814040
109.77	18.16	814288
108.91	18.16	814535
108.09	18.20	814782
107.29	18.23	815029
106.50	18.27	815276
105.64	18.23	815523
104.85	18.27	815770
104.09	18.30	816017
103.34	18.33	816264
102.60	18.37	816511
101.79	18.33	816758
101.10	18.40	817006
100.35	18.40	817253
99.66	18.43	817500
99.02	18.50	817747
98.32	18.50	817994
97.63	18.50	818241
96.98	18.54	818488
96.29	18.54	818735
95.71	18.60	818982
95.07	18.60	819229
94.42	18.60	819477
93.82	18.64	819724
93.19	18.64	819971
92.56	18.64	820218
91.97	18.67	820465
91.41	18.70	820712
90.86	18.74	820959
90.33	18.77	821206
89.72	18.74	821453
89.19	18.77	821700
88.72	18.84	821948
88.25	18.87	822195
87.68	18.84	822442
87.30	18.94	822689
86.72	18.87	822936
86.31	18.94	823183
85.83	18.94	823430
85.40	18.97	823677
85.04	19.04	823924
84.61	19.04	824172
84.18	19.04	824419
83.75	19.04	824666
83.42	19.11	824913
83.03	19.11	825160
82.73	19.18	825407
82.37	19.18	825654
82.01	19.18	825901
81.70	19.21	826148
81.46	19.28	826396
81.15	19.28	826643
80.84	19.28	826890
80.58	19.31	827137
80.33	19.35	827384
80.06	19.35	827631
79.88	19.41	827878
79.64	19.41	828125
79.39	19.41	828372
79.20	19.45	828619
79.08	19.51	828867
78.88	19.51	829114
78.69	19.51	829361
78.55	19.55	829608
78.42	19.58	829855
78.26	19.58	830102
78.21	19.65	830349
78.08	19.65	830596
78.06	19.72	830843
77.97	19.72	831091
77.93	19.75	831338
77.80	19.72	831585
77.86	19.82	831832
77.82	19.82	832079
77.83	19.85	832326
77.86	19.89	832573
77.90	19.92	832820
78.01	19.99	833067
78.06	19.99	833314
78.10	19.99	833561
78.14	19.99	833808
78.24	20.02	834056
78.40	20.09	834303
78.54	20.12	834550
78.66	20.12	834797
78.87	20.19	835044
78.96	20.16	835291
79.19	20.22	835538
79.41	20.26	835785
79.58	20.26	836032
79.81	20.29	836279
80.06	20.33	836527
80.37	20.39	836774
80.62	20.39	837021
80.87	20.39	837268
81.21	20.46	837515
81.55	20.49	837762
81.94	20.56	838009
82.27	20.56	838256
82.66	20.60	838503
83.11	20.66	838750
83.54	20.70	838998
83.99	20.73	839245
84.40	20.73	839492
84.87	20.76	839739
85.45	20.87	839986
85.93	20.87	840233
86.47	20.90	840480
87.12	21.00	840727
87.62	20.97	840974
88.25	21.03	841221
88.87	21.07	841468
89.51	21.10	841715
90.11	21.10	841962
90.76	21.14	842209
91.58	21.27	842456
92.27	21.27	842703
92.90	21.24	842951
93.67	21.30	843198
94.48	21.37	843445
95.21	21.37	843692
96.00	21.41	843939
96.90	21.51	844186
97.66	21.47	844433
98.55	21.54	844680
99.52	21.64	844927
100.34	21.61	845175
101.30	21.68	845422
102.29	21.74	845669
103.26	21.78	845916
104.20	21.78	846163
105.19	21.81	846410
106.14	21.81	846657
107.20	21.88	846904
108.34	21.98	847151
109.38	21.98	847398
110.47	22.01	847645
111.63	22.08	847892
112.72	22.08	848139
113.86	22.12	848386
115.12	22.22	848634
116.33	22.25	848881
117.61	22.32	849128
118.82	22.32	849375
120.08	22.35	849622
121.41	22.42	849870
122.72	22.45	850117
124.05	22.49	850365
125.44	22.56	850612
126.82	22.59	850859
128.22	22.62	851106
129.63	22.66	851353
131.06	22.69	851600
132.55	22.76	851847
134.03	22.79	852094
135.63	22.89	852341
137.18	22.93	852588
138.69	22.93	852835
140.26	22.96	853082
141.89	23.03	853329
143.56	23.10	853576
145.15	23.10	853823
146.90	23.20	854070
148.60	23.23	854317
150.32	23.27	854565
152.05	23.30	854812
153.80	23.33	855059
155.62	23.40	855306
157.47	23.47	855553
159.31	23.50	855800
161.16	23.54	856047
163.03	23.57	856294
165.02	23.67	856541
166.90	23.67	856788
168.89	23.74	857035
170.86	23.77	857283
172.84	23.81	857530
174.95	23.91	857777
177.00	23.94	858024
179.13	24.01	858271
181.23	24.04	858518
183.35	24.08	858765
185.49	24.11	859012
187.70	24.18	859259
189.94	24.25	859506
192.16	24.28	859753
194.41	24.31	860000
196.66	24.35	860247
199.04	24.45	860494
201.31	24.45	860741
203.69	24.52	860989
206.10	24.58	861236
208.54	24.65	861483
210.97	24.69	861730
213.41	24.72	861977
216.02	24.85	862224
218.50	24.85	862471
221.08	24.92	862719
223.64	24.96	862966
226.22	24.99	863213
228.87	25.06	863460
231.50	25.09	863707
234.19	25.16	863954
236.93	25.23	864201
239.64	25.26	864448
242.42	25.33	864695
245.19	25.36	864942
248.02	25.43	865189
250.84	25.46	865436
253.67	25.50	865683
256.57	25.57	865930
259.45	25.60	866177
262.30	25.60	866424
265.25	25.67	866671
268.24	25.73	866918
271.20	25.77	867166
274.24	25.84	867413
277.31	25.90	867660
280.41	25.97	867907
283.45	25.97	868154
286.58	26.04	868401
289.70	26.07	868648
292.84	26.11	868895
296.05	26.17	869142
299.23	26.21	869389
302.44	26.24	869636
305.61	26.24	869883
308.93	26.34	870130
312.26	26.41	870377
315.51	26.41	870624
318.87	26.48	870871
322.16	26.48	871118
325.55	26.55	871366
328.92	26.58	871613
332.36	26.65	871860
335.79	26.68	872107
339.23	26.72	872354
342.69	26.75	872601
346.22	26.82	872848
349.78	26.88	873095
353.27	26.88	873342
356.86	26.95	873589
360.49	27.02	873836
364.00	26.99	874084
367.69	27.09	874331
371.29	27.09	874578
374.98	27.16	874825
378.61	27.16	875072
382.29	27.19	875319
386.14	27.32	875566
389.90	27.36	875814
393.63	27.36	876061
397.41	27.39	876308
401.31	27.49	876555
405.11	27.49	876802
408.95	27.53	877049
412.87	27.60	877296
416.82	27.66	877543
420.75	27.70	877790
424.75	27.76	878038
428.74	27.80	878285
432.79	27.87	878532
436.82	27.90	878779
440.87	27.93	879027
444.94	27.97	879274
449.02	28.00	879521
453.18	28.07	879768
457.31	28.10	880015
461.51	28.17	880262
465.70	28.21	880509
469.96	28.27	880756
474.19	28.31	881003
478.50	28.37	881251
482.73	28.37	881498
487.12	28.48	881745
491.51	28.54	881992
495.89	28.58	882240
500.28	28.61	882487
504.63	28.61	882734
509.04	28.65	882981
513.56	28.75	883228
518.09	28.81	883475
522.54	28.81	883722
527.10	28.88	883969
531.70	28.95	884216
536.17	28.92	884463
540.83	29.02	884711
545.44	29.05	884958
550.12	29.12	885205
554.73	29.12	885452
559.49	29.22	885699
564.15	29.22	885946
568.86	29.25	886193
573.64	29.32	886440
578.40	29.36	886687
583.18	29.39	886934
587.93	29.39	887181
592.77	29.46	887428
597.65	29.53	887675
602.57	29.59	887923
607.47	29.63	888170
612.33	29.63	888417
617.30	29.70	888664
622.24	29.73	888911
627.21	29.76	889158
632.24	29.83	889405
637.21	29.83	889652
642.32	29.93	889899
647.29	29.90	890146
652.39	29.97	890393
657.47	30.00	890640
662.63	30.07	890888
667.71	30.07	891135
672.84	30.10	891382
678.05	30.17	891629
683.18	30.17	891876
688.32	30.17	892123
693.55	30.24	892370
698.82	30.30	892617
704.03	30.30	892864
709.18	30.27	893111
714.57	30.41	893358
719.77	30.37	893605
725.06	30.41	893852
730.31	30.41	894099
735.66	30.47	894346
740.95	30.47	894594
746.29	30.51	894841
751.69	30.58	895088
757.03	30.58	895335
762.32	30.54	895582
767.74	30.61	895829
773.15	30.64	896076
778.57	30.68	896323
783.86	30.61	896570
789.31	30.68	896817
794.80	30.75	897064
800.23	30.75	897311
805.65	30.75	897558
811.07	30.75	897805
816.60	30.81	898052
821.95	30.75	898299
827.53	30.85	898547
832.95	30.81	898794
838.36	30.78	899041
843.90	30.85	899288
849.37	30.85	899535
850.00	30.85	899782
850.00	30.85	900029
850.00	30.91	900276
850.00	30.88	900523
850.00	30.88	900770
850.00	30.88	901018
850.00	30.85	901265
850.00	30.91	901512
850.00	30.88	901759
850.00	30.88	902006
850.00	30.91	902253
850.00	30.85	902500
850.00	30.88	902747
850.00	30.85	902994
850.00	30.88	903241
850.00	30.85	903489
850.00	30.85	903736
850.00	30.85	903983
850.00	30.85	904230
850.00	30.81	904477
850.00	30.81	904724
850.00	30.78	904971
850.00	30.78	905218
850.00	30.78	905465
850.00	30.75	905713
850.00	30.75	905960
850.00	30.71	906207
850.00	30.68	906454
850.00	30.64	906701
850.00	30.64	906948
850.00	30.64	907195
850.00	30.64	907442
850.00	30.61	907689
850.00	30.58	907936
850.00	30.54	908184
850.00	30.54	908431
850.00	30.51	908678
850.00	30.47	908925
850.00	30.41	909172
850.00	30.44	909419
850.00	30.41	909666
850.00	30.37	909913
850.00	30.30	910160
850.00	30.27	910407
850.00	30.24	910654
850.00	30.20	910901
850.00	30.20	911148
850.00	30.14	911395
850.00	30.14	911642
850.00	30.03	911889
850.00	30.00	912136
850.00	30.00	912383
850.00	30.00	912631
850.00	29.97	912878
850.00	29.90	913125
850.00	29.83	913372
850.00	29.80	913619
850.00	29.76	913866
850.00	29.76	914113
850.00	29.70	914360
850.00	29.66	914607
850.00	29.63	914855
850.00	29.59	915102
850.00	29.53	915349
850.00	29.53	915596
850.00	29.46	915843
850.00	29.39	916090
850.00	29.39	916337
850.00	29.36	916584
850.00	29.25	916831
850.00	29.25	917078
850.00	29.19	917325
850.00	29.15	917572
850.00	29.12	917819
850.00	29.09	918066
850.00	28.98	918314
850.00	28.98	918561
850.00	28.92	918807
850.00	28.88	919055
850.00	28.78	919301
850.00	28.71	919549
850.00	28.68	919796
850.00	28.65	920043
850.00	28.58	920290
850.00	28.48	920538
850.00	28.51	920785
850.00	28.41	921032
850.00	28.34	921279
850.00	28.31	921526
850.00	28.24	921773
850.00	28.17	922020
850.00	28.14	922267
850.00	28.07	922514
850.00	28.00	922761
850.00	27.93	923009
850.00	27.87	923256
850.00	27.80	923503
850.00	27.76	923750
850.00	27.73	923997
850.00	27.66	924244
850.00	27.60	924491
850.00	27.56	924738
850.00	27.49	924985
850.00	27.43	925233
850.00	27.43	925480
850.00	27.36	925727
850.00	27.29	925974
850.00	27.22	926221
850.00	27.19	926468
850.00	27.12	926715
850.00	27.05	926962
850.00	27.05	927209
850.00	26.99	927456
850.00	26.88	927703
850.00	26.88	927950
850.00	26.82	928197
850.00	26.75	928444
850.00	26.68	928691
850.00	26.65	928938
850.00	26.61	929185
850.00	26.55	929433
850.00	26.48	929680
850.00	26.51	929927
850.00	26.41	930174
850.00	26.38	930421
850.00	26.28	930668
850.00	26.24	930915
850.00	26.24	931162
850.00	26.14	931409
850.00	26.11	931656
850.00	26.04	931904
850.00	26.04	932151
850.00	26.00	932398
850.00	25.87	932645
850.00	25.90	932892
850.00	25.84	933139
850.00	25.77	933386
850.00	25.73	933633
850.00	25.67	933881
850.00	25.63	934128
850.00	25.60	934375
850.00	25.53	934622
850.00	25.50	934869
850.00	25.43	935116
850.00	25.40	935363
850.00	25.29	935610
850.00	25.33	935857
850.00	25.26	936104
850.00	25.19	936351
850.00	25.16	936598
850.00	25.09	936845
850.00	25.06	937092
850.00	24.96	937339
850.00	24.96	937587
850.00	24.89	937834
850.00	24.85	938081
850.00	24.79	938328
850.00	24.79	938575
850.00	24.72	938822
850.00	24.62	939069
850.00	24.58	939316
850.00	24.52	939564
850.00	24.48	939811
850.00	24.45	940058
850.00	24.38	940305
850.00	24.31	940552
850.00	24.31	940799
850.00	24.25	941046
850.00	24.21	941293
850.00	24.14	941540
850.00	24.14	941787
850.00	24.01	942034
850.00	24.01	942281
850.00	23.94	942528
850.00	23.91	942775
850.00	23.87	943023
850.00	23.81	943270
850.00	23.77	943517
850.00	23.74	943764
850.00	23.70	944011
850.00	23.60	944259
850.00	23.60	944506
850.00	23.50	944753
850.00	23.47	945000
850.00	23.43	945247
850.00	23.40	945494
850.00	23.33	945741
850.00	23.33	945988
850.00	23.27	946235
850.00	23.16	946482
850.00	23.16	946729
850.00	23.13	946976
850.00	23.06	947223
850.00	23.06	947470
850.00	22.96	947717
850.00	22.99	947964
850.00	22.89	948211
850.00	22.86	948459
850.00	22.86	948706
850.00	22.76	948953
850.00	22.76	949200
850.00	22.69	949447
850.00	22.62	949694
850.00	22.59	949941
850.00	22.52	950188
850.00	22.49	950435
850.00	22.42	950683
850.00	22.42	950930
850.00	22.35	951177
850.00	22.29	951424
850.00	22.25	951671
850.00	22.25	951918
850.00	22.15	952165
850.00	22.12	952413
850.00	22.08	952660
850.00	22.08	952908
850.00	21.98	953155
850.00	21.98	953402
850.00	21.95	953649
850.00	21.91	953896
850.00	21.85	954143
850.00	21.81	954390
850.00	21.78	954637
850.00	21.68	954884
850.00	21.64	955131
850.00	21.64	955378
850.00	21.61	955626
850.00	21.58	955873
850.00	21.47	956120
850.00	21.44	956367
850.00	21.41	956614
850.00	21.37	956861
850.00	21.30	957108
850.00	21.24	957356
850.00	21.27	957603
850.00	21.20	957850
850.00	21.17	958098
850.00	21.14	958345
850.00	21.10	958592
850.00	21.03	958839
850.00	21.03	959086
850.00	20.97	959333
850.00	20.97	959580
850.00	20.90	959827
850.00	20.87	960074
850.00	20.80	960322
850.00	20.80	960569
850.00	20.76	960816
850.00	20.70	961063
850.00	20.66	961310
850.00	20.66	961557
850.00	20.60	961804
850.00	20.56	962051
850.00	20.56	962298
850.00	20.49	962545
850.00	20.46	962793
850.00	20.43	963040
850.00	20.39	963287
850.00	20.36	963534
850.00	20.36	963781
850.00	20.33	964028
850.00	20.29	964275
850.00	20.22	964522
850.00	20.19	964769
850.00	20.22	965016
850.00	20.22	965263
850.00	20.16	965510
850.00	20.05	965758
850.00	20.09	966005
850.00	20.02	966252
850.00	19.99	966499
850.00	19.99	966746
850.00	19.92	966993
850.00	19.92	967240
849.98	19.89	967487
849.97	19.89	967735
849.91	19.85	967982
849.79	19.78	968229
849.73	19.78	968476
849.67	19.78	968723
849.52	19.72	968970
849.42	19.72	969217
849.28	19.68	969464
849.12	19.65	969711
848.95	19.62	969958
848.75	19.58	970206
848.60	19.58	970453
848.39	19.55	970700
848.16	19.51	970947
847.97	19.51	971194
847.72	19.48	971441
847.51	19.48	971688
847.25	19.45	971935
846.98	19.41	972182
846.68	19.38	972430
846.42	19.38	972677
846.11	19.35	972924
845.83	19.35	973171
845.46	19.28	973418
845.15	19.28	973665
844.78	19.24	973912
844.41	19.21	974159
844.06	19.21	974406
843.77	19.24	974654
843.39	19.21	974901
842.94	19.14	975148
842.56	19.14	975395
842.14	19.11	975642
841.64	19.04	975889
841.16	19.01	976136
840.76	19.04	976383
840.23	18.97	976630
839.82	19.01	976877
839.32	18.97	977124
838.81	18.94	977371
838.33	18.94	977618
837.85	18.94	977865
837.27	18.87	978112
836.76	18.87	978359
836.24	18.87	978607
835.68	18.84	978855
835.05	18.77	979102
834.48	18.77	979349
833.92	18.77	979596
833.36	18.77	979843
832.69	18.70	980090
832.09	18.70	980337
831.49	18.70	980584
830.85	18.67	980832
830.23	18.67	981079
829.67	18.70	981326
828.97	18.64	981573
828.29	18.60	981820
827.64	18.60	982067
826.99	18.60	982314
826.24	18.54	982561
825.51	18.50	982808
824.86	18.54	983055
824.12	18.50	983302
823.32	18.43	983549
822.64	18.47	983796
821.93	18.47	984043
821.16	18.43	984290
820.38	18.40	984538
819.68	18.43	984785
818.84	18.37	985032
818.02	18.33	985279
817.24	18.33	985526
816.41	18.30	985773
815.61	18.30	986020
814.76	18.27	986267
813.94	18.27	986514
813.12	18.27	986761
812.20	18.20	987008
811.35	18.20	987256
810.50	18.20	987503
809.65	18.20	987750
808.75	18.16	987997
807.78	18.10	988244
806.93	18.13	988491
805.99	18.10	988738
805.04	18.06	988985
804.12	18.06	989232
803.15	18.03	989479
802.27	18.06	989726
801.30	18.03	989973
800.31	18.00	990220
799.31	17.96	990468
798.39	18.00	990715
797.34	17.93	990962
796.45	18.00	991209
795.35	17.89	991456
794.39	17.93	991703
793.36	17.89	991950
792.36	17.89	992198
791.30	17.86	992445
790.23	17.83	992692
789.19	17.83	992939
788.16	17.83	993186
787.12	17.83	993433
786.03	17.79	993680
784.93	17.76	993927
783.86	17.76	994175
782.74	17.73	994422
781.60	17.69	994669
780.55	17.73	994916
779.36	17.66	995163
778.29	17.69	995410
777.13	17.66	995657
775.91	17.59	995904
774.86	17.66	996151
773.73	17.66	996398
772.51	17.59	996645
771.36	17.59	996892
770.15	17.56	997140
768.98	17.56	997387
767.81	17.56	997634
766.54	17.49	997881
765.38	17.52	998128
764.14	17.49	998375
762.94	17.49	998622
761.73	17.49	998869
760.47	17.46	999116
759.30	17.49	999363
758.00	17.42	999611
756.81	17.46	999858
755.53	17.42	1000105
754.30	17.42	1000352
753.01	17.39	1000599
751.75	17.39	1000846
750.44	17.35	1001093
749.17	17.35	1001340
747.95	17.39	1001587
746.54	17.29	1001835
745.33	17.35	1002082
744.01	17.32	1002329
742.72	17.32	1002576
741.33	17.25	1002823
740.06	17.29	1003070
738.65	17.22	1003317
737.36	17.25	1003564
736.03	17.25	1003812
734.66	17.22	1004059
733.27	17.19	1004306
731.96	17.22	1004553
730.62	17.22	1004800
729.23	17.19	1005047
727.87	17.19	1005294
726.52	17.19	1005541
725.11	17.15	1005788
723.68	17.12	1006035
722.24	17.08	1006282
720.88	17.12	1006529
719.49	17.12	1006776
718.00	17.05	1007023
716.63	17.08	1007270
715.22	17.08	1007517
713.76	17.05	1007765
712.33	17.05	1008012
710.86	17.02	1008259
709.37	16.98	1008506
707.91	16.98	1008753
706.40	16.95	1009000
705.03	17.02	1009247
703.48	16.95	1009494
702.06	16.98	1009741
700.55	16.95	1009989
699.07	16.95	1010236
697.60	16.95	1010483
696.02	16.88	1010730
694.56	16.92	1010977
693.02	16.88	1011225
691.56	16.92	1011472
690.02	16.88	1011719
688.51	16.88	1011966
687.00	16.88	1012213
685.44	16.85	1012460
683.91	16.85	1012707
682.34	16.81	1012954
680.84	16.85	1013201
679.22	16.78	1013448
677.71	16.81	1013695
676.16	16.81	1013942
674.57	16.78	1014189
673.01	16.78	1014436
671.40	16.75	1014683
669.87	16.78	1014930
668.26	16.75	1015178
666.69	16.75	1015425
665.06	16.71	1015672
663.47	16.71	1015919
661.82	16.68	1016166
660.21	16.68	1016413
658.65	16.71	1016660
657.01	16.68	1016907
655.40	16.68	1017155
653.74	16.65	1017402
652.16	16.68	1017649
650.50	16.65	1017896
648.92	16.68	1018143
647.26	16.65	1018390
645.58	16.61	1018637
643.99	16.65	1018884
642.31	16.61	1019131
640.62	16.58	1019379
639.01	16.61	1019626
637.36	16.61	1019873
635.57	16.51	1020120
633.97	16.58	1020367
632.26	16.54	1020614
630.63	16.58	1020861
628.97	16.58	1021108
627.21	16.51	1021355
625.51	16.51	1021602
623.87	16.54	1021849
622.14	16.51	1022096
620.40	16.48	1022343
618.69	16.48	1022590
616.92	16.44	1022838
615.24	16.48	1023085
613.48	16.44	1023332
611.80	16.48	1023579
610.09	16.48	1023826
608.38	16.48	1024073
606.62	16.44	1024320
604.84	16.41	1024567
603.09	16.41	1024814
601.40	16.44	1025061
599.62	16.41	1025308
597.88	16.41	1025555
596.13	16.41	1025802
594.33	16.38	1026049
592.57	16.38	1026296
590.81	16.38	1026543
589.10	16.41	1026790
587.35	16.41	1027037
585.56	16.38	1027285
583.79	16.38	1027532
582.03	16.38	1027779
580.17	16.31	1028026
578.47	16.38	1028273
576.61	16.31	1028520
574.86	16.34	1028767
573.03	16.31	1029014
571.24	16.31	1029261
569.39	16.27	1029508
567.58	16.27	1029755
565.77	16.27	1030002
564.00	16.31	1030249
562.11	16.24	1030496
560.28	16.24	1030743
558.50	16.27	1030990
556.63	16.24	1031237
554.80	16.24	1031484
552.97	16.24	1031731
551.15	16.24	1031979
549.32	16.24	1032226
547.44	16.21	1032473
545.64	16.24	1032720
543.76	16.21	1032967
542.01	16.27	1033214
540.05	16.17	1033461
538.24	16.21	1033708
536.34	16.17	1033955
534.47	16.17	1034202
532.71	16.24	1034449
530.83	16.21	1034696
528.93	16.17	1034943
527.07	16.17	1035191
525.16	16.14	1035438
523.28	16.14	1035685
521.40	16.14	1035932
519.57	16.17	1036179
517.65	16.14	1036426
515.82	16.17	1036673
513.91	16.14	1036920
512.08	16.17	1037167
510.22	16.17	1037415
508.30	16.14	1037662
506.37	16.11	1037909
504.47	16.11	1038156
502.58	16.11	1038404
500.68	16.11	1038651
498.83	16.14	1038899
497.00	16.17	1039146
495.09	16.14	1039393
493.11	16.07	1039640
491.24	16.11	1039888
489.30	16.07	1040135
487.38	16.07	1040382
485.57	16.14	1040629
483.64	16.11	1040876
481.69	16.07	1041124
479.78	16.07	1041371
477.91	16.11	1041618
476.07	16.14	1041865
474.13	16.11	1042113
472.24	16.11	1042360
470.34	16.11	1042607
468.39	16.07	1042854
466.58	16.14	1043102
464.55	16.04	1043349
462.67	16.07	1043596
460.85	16.14	1043843
458.92	16.11	1044090
457.03	16.11	1044337
455.08	16.07	1044585
453.21	16.11	1044832
451.27	16.07	1045079
449.30	16.04	1045326
447.37	16.04	1045573
445.59	16.14	1045820
443.66	16.11	1046067
441.66	16.04	1046315
439.83	16.11	1046562
437.94	16.11	1046809
436.04	16.11	1047056
434.14	16.11	1047304
432.14	16.04	1047551
430.26	16.07	1047798
428.35	16.07	1048045
426.48	16.11	1048292
424.54	16.07	1048539
422.57	16.04	1048787
420.69	16.07	1049034
418.88	16.14	1049281
416.90	16.07	1049529
414.98	16.07	1049776
413.12	16.11	1050023
411.22	16.11	1050270
409.32	16.11	1050517
407.33	16.04	1050764
405.55	16.14	1051011
403.57	16.07	1051259
401.60	16.04	1051506
399.72	16.07	1051753
397.86	16.11	1052000
395.96	16.11	1052247
394.06	16.11	1052494
392.17	16.11	1052741
390.27	16.11	1052988
388.32	16.07	1053236
386.41	16.07	1053483
384.59	16.14	1053730
382.66	16.11	1053977
380.82	16.14	1054225
378.83	16.07	1054472
377.02	16.14	1054719
375.14	16.14	1054966
373.21	16.11	1055213
371.31	16.11	1055460
369.47	16.14	1055707
367.59	16.14	1055955
365.65	16.11	1056202
363.81	16.14	1056449
361.93	16.14	1056696
360.00	16.11	1056943
358.10	16.11	1057191
356.25	16.14	1057438
354.37	16.14	1057686
352.49	16.14	1057933
350.56	16.11	1058180
348.71	16.14	1058427
346.78	16.11	1058675
344.89	16.11	1058922
342.99	16.11	1059169
341.09	16.11	1059416
339.19	16.11	1059663
337.40	16.17	1059910
335.53	16.17	1060157
333.62	16.14	1060405
331.74	16.14	1060652
329.91	16.17	1060899
328.00	16.14	1061146
326.12	16.14	1061393
324.24	16.14	1061641
322.46	16.21	1061888
320.51	16.14	1062135
318.63	16.14	1062382
316.80	16.17	1062629
