700.00	73.34	195701
700.00	73.30	195948
700.00	73.30	196195
700.00	73.30	196442
700.00	73.27	196689
700.00	73.30	196937
700.00	73.27	197184
700.00	73.23	197431
700.00	73.27	197678
700.00	73.27	197925
700.00	73.27	198172
700.00	73.23	198420
700.00	73.27	198667
700.00	73.27	198914
700.00	73.23	199161
700.00	73.27	199408
700.00	73.27	199655
700.00	73.27	199902
700.00	73.27	200150
700.00	73.30	200397
700.00	73.30	200644
700.00	73.27	200891
700.00	73.30	201138
700.00	73.30	201385
700.00	73.34	201632
700.00	73.37	201880
700.00	73.34	202127
700.00	73.37	202374
700.00	73.37	202621
700.00	73.41	202868
700.00	73.37	203116
700.00	73.37	203363
700.00	73.37	203610
700.00	73.34	203857
700.00	73.37	204106
700.00	73.34	204353
700.00	73.34	204600
700.00	73.34	204847
700.00	73.30	205094
700.00	73.30	205341
700.00	73.27	205589
700.00	73.23	205836
700.00	73.23	206083
700.00	73.20	206330
700.00	73.13	206577
700.00	73.13	206824
700.00	73.06	207072
700.00	73.03	207319
700.00	72.96	207566
700.00	72.89	207813
700.00	72.82	208060
700.00	72.75	208308
700.00	72.65	208555
700.00	72.51	208802
700.00	72.38	209049
700.00	72.31	209296
700.00	72.14	209543
700.00	72.00	209790
700.00	71.86	210038
700.00	71.72	210285
700.00	71.55	210532
700.00	71.42	210779
700.00	71.21	211026
700.00	71.04	211273
700.00	70.87	211520
700.00	70.66	211768
700.00	70.49	212015
700.00	70.25	212262
700.00	70.08	212509
700.00	69.87	212756
700.00	69.67	213004
700.00	69.46	213251
700.00	69.29	213499
700.00	69.08	213746
700.00	68.88	213993
700.00	68.67	214241
700.00	68.47	214488
700.00	68.19	214735
700.00	67.92	214982
700.00	67.64	215229
700.00	67.30	215476
700.00	66.99	215724
700.00	66.69	215971
700.00	66.38	216218
700.00	66.07	216465
700.00	65.83	216712
700.00	65.49	216959
700.00	65.25	217207
700.00	64.97	217454
700.00	64.70	217701
700.00	64.46	217948
700.00	64.22	218195
700.00	64.02	218442
700.00	63.78	218689
700.00	63.57	218937
700.00	63.33	219184
700.00	63.16	219431
700.00	62.95	219679
700.00	62.75	219926
700.00	62.51	220173
700.00	62.30	220420
700.00	62.06	220667
700.00	61.83	220914
700.00	61.62	221161
700.00	61.38	221409
700.00	61.14	221656
700.00	60.94	221903
700.00	60.73	222151
700.00	60.53	222398
700.00	60.29	222645
700.00	60.01	222892
700.00	59.74	223139
700.00	59.50	223386
700.00	59.23	223633
700.00	58.95	223881
700.00	58.71	224128
700.00	58.44	224376
700.00	58.20	224623
700.00	57.93	224870
700.00	57.69	225117
700.00	57.42	225364
700.00	57.11	225611
700.00	56.90	225858
700.00	56.70	226105
700.00	56.43	226353
700.00	56.19	226600
700.00	55.95	226847
700.00	55.74	227095
700.00	55.44	227342
700.00	55.16	227589
700.00	54.89	227836
700.00	54.62	228083
700.00	54.34	228330
700.00	54.11	228578
700.00	53.80	228825
700.00	53.53	229072
700.00	53.29	229320
700.00	52.98	229567
700.00	52.71	229814
700.00	52.43	230061
700.00	52.16	230308
700.00	51.89	230555
700.00	51.62	230802
700.00	51.38	231050
700.00	51.14	231297
700.00	50.83	231544
700.00	50.59	231791
700.00	50.35	232038
700.00	50.12	232285
700.00	49.88	232533
700.00	49.67	232781
700.00	49.43	233028
700.00	49.23	233275
700.00	48.99	233522
700.00	48.79	233769
700.00	48.58	234016
700.00	48.38	234264
700.00	48.17	234511
700.00	47.97	234758
700.00	47.76	235005
700.00	47.59	235253
700.00	47.39	235500
700.00	47.19	235747
700.00	47.02	235994
700.00	46.81	236241
700.00	46.61	236488
700.00	46.40	236736
700.00	46.23	236983
700.00	46.03	237230
700.00	45.82	237477
700.00	45.62	237724
700.00	45.48	237972
700.00	45.28	238219
700.00	45.08	238466
700.00	44.94	238713
700.00	44.77	238960
700.00	44.60	239208
700.00	44.46	239455
700.00	44.29	239702
700.00	44.12	239949
700.00	43.99	240196
700.00	43.85	240443
700.00	43.68	240690
700.00	43.54	240938
700.00	43.41	241185
700.00	43.27	241432
700.00	43.14	241679
700.00	43.03	241926
700.00	42.90	242173
700.00	42.80	242420
700.00	42.66	242667
700.00	42.56	242915
700.00	42.46	243162
700.00	42.39	243409
700.00	42.29	243656
700.00	42.18	243904
700.00	42.08	244151
700.00	41.98	244398
700.00	41.91	244645
700.00	41.81	244892
700.00	41.74	245140
700.00	41.64	245387
700.00	41.54	245634
700.00	41.40	245881
700.00	41.30	246128
700.00	41.20	246376
700.00	41.10	246623
700.00	40.93	246870
700.00	40.82	247117
700.00	40.72	247364
700.00	40.59	247612
700.00	40.48	247859
700.00	40.35	248106
700.00	40.21	248353
700.00	40.11	248601
700.00	39.97	248848
700.00	39.84	249095
700.00	39.70	249342
700.00	39.57	249589
700.00	39.46	249836
700.00	39.30	250084
700.00	39.19	250331
700.00	39.06	250578
700.00	38.96	250825
700.00	38.75	251072
700.00	38.65	251320
700.00	38.51	251567
700.00	38.41	251814
700.00	38.28	252061
700.00	38.14	252308
700.00	38.00	252556
700.00	37.90	252803
700.00	37.80	253051
700.00	37.63	253298
700.00	37.56	253545
700.00	37.46	253792
700.00	37.36	254039
700.00	37.22	254287
700.00	37.09	254534
700.00	37.02	254782
700.00	36.88	255029
700.00	36.78	255276
700.00	36.71	255523
700.00	36.54	255770
700.00	36.48	256017
700.00	36.37	256265
700.00	36.27	256512
700.00	36.17	256759
700.00	36.07	257006
700.00	35.97	257253
700.00	35.87	257500
700.00	35.76	257747
700.00	35.70	257995
700.00	35.59	258242
700.00	35.49	258489
700.00	35.39	258736
700.00	35.29	258984
700.00	35.19	259231
700.00	35.12	259478
700.00	35.02	259725
700.00	34.92	259972
700.00	34.85	260220
700.00	34.75	260467
700.00	34.64	260714
700.00	34.54	260961
700.00	34.44	261209
700.00	34.37	261456
700.00	34.27	261703
700.00	34.20	261951
700.00	34.10	262198
700.00	34.03	262445
700.00	33.93	262692
700.00	33.83	262939
700.00	33.76	263186
700.00	33.69	263434
700.00	33.59	263681
700.00	33.52	263928
700.00	33.42	264175
700.00	33.32	264422
700.00	33.25	264669
700.00	33.19	264916
700.00	33.08	265164
700.00	33.02	265411
700.00	32.95	265658
700.00	32.88	265905
700.00	32.78	266152
700.00	32.75	266400
700.00	32.71	266647
700.00	32.61	266894
700.00	32.54	267141
700.00	32.47	267389
700.00	32.44	267636
700.00	32.44	267883
700.00	32.34	268130
700.00	32.27	268377
700.00	32.24	268624
700.00	32.17	268872
700.00	32.13	269119
700.00	32.03	269366
700.00	32.03	269614
700.00	31.93	269861
700.00	31.90	270108
700.00	31.83	270355
700.00	31.76	270602
700.00	31.69	270849
700.00	31.63	271096
700.00	31.59	271343
700.00	31.56	271591
700.00	31.49	271838
700.00	31.46	272085
700.00	31.39	272332
700.00	31.32	272579
700.00	31.25	272827
700.00	31.22	273074
700.00	31.19	273321
700.00	31.12	273568
700.00	31.08	273815
700.00	31.05	274062
700.00	30.98	274310
700.00	30.95	274557
700.00	30.88	274804
700.00	30.88	275051
700.00	30.85	275298
700.00	30.78	275545
700.00	30.75	275792
700.00	30.71	276040
700.00	30.68	276287
700.00	30.64	276534
700.00	30.61	276781
700.00	30.58	277028
700.00	30.54	277276
700.00	30.51	277523
700.00	30.51	277770
700.00	30.47	278017
700.00	30.44	278264
700.00	30.37	278511
700.00	30.37	278759
700.00	30.34	279006
700.00	30.30	279253
700.00	30.27	279500
700.00	30.24	279748
700.00	30.20	279995
700.00	30.14	280242
700.00	30.14	280489
700.00	30.10	280736
700.00	30.07	280984
700.00	30.03	281231
700.00	30.03	281478
700.00	30.00	281725
700.00	29.93	281973
700.00	29.93	282220
700.00	29.90	282467
700.00	29.86	282714
700.00	29.83	282961
700.00	29.80	283209
700.00	29.76	283456
700.00	29.76	283703
700.00	29.73	283950
700.00	29.70	284197
700.00	29.66	284445
700.00	29.63	284692
700.00	29.59	284939
700.00	29.56	285186
700.00	29.53	285433
700.00	29.46	285681
700.00	29.42	285928
700.00	29.42	286175
700.00	29.39	286422
700.00	29.36	286670
700.00	29.32	286917
700.00	29.32	287164
700.00	29.25	287411
700.00	29.22	287658
700.00	29.19	287905
700.00	29.15	288152
700.00	29.12	288400
700.00	29.12	288647
700.00	29.09	288894
700.00	29.02	289141
700.00	28.98	289388
700.00	28.95	289635
700.00	28.92	289883
700.00	28.88	290130
700.00	28.81	290377
700.00	28.85	290624
700.00	28.78	290871
700.00	28.75	291118
700.00	28.71	291365
700.00	28.71	291613
700.00	28.68	291860
700.00	28.65	292107
700.00	28.65	292354
700.00	28.58	292601
700.00	28.54	292849
700.00	28.51	293096
700.00	28.51	293343
700.00	28.48	293590
700.00	28.41	293838
700.00	28.41	294085
700.00	28.37	294332
700.00	28.37	294579
700.00	28.34	294826
700.00	28.31	295074
700.00	28.27	295321
700.00	28.24	295568
700.00	28.21	295815
700.00	28.24	296063
700.00	28.21	296310
700.00	28.14	296557
700.00	28.14	296804
700.00	28.10	297051
700.00	28.10	297298
700.00	28.07	297545
700.00	28.04	297793
700.00	28.04	298040
700.00	28.00	298287
700.00	28.00	298534
700.00	27.97	298781
700.00	27.93	299028
700.00	27.93	299275
700.00	27.90	299523
700.00	27.93	299770
700.00	27.90	300017
700.00	27.87	300264
700.00	27.87	300512
700.00	27.83	300759
700.00	27.83	301006
700.00	27.80	301253
700.00	27.80	301500
700.00	27.80	301747
700.00	27.73	301995
700.00	27.73	302242
700.00	27.70	302489
700.00	27.66	302737
700.00	27.63	302984
700.00	27.63	303231
700.00	27.60	303478
700.00	27.56	303725
700.00	27.56	303973
700.00	27.49	304220
700.00	27.49	304468
700.00	27.46	304715
700.00	27.43	304962
700.00	27.43	305209
700.00	27.39	305457
700.00	27.36	305704
700.00	27.36	305951
700.00	27.36	306198
700.00	27.29	306445
700.00	27.29	306692
700.00	27.26	306939
700.00	27.26	307187
700.00	27.22	307434
700.00	27.22	307681
700.00	27.19	307928
700.00	27.19	308175
700.00	27.16	308423
700.00	27.12	308670
700.00	27.09	308917
700.00	27.05	309164
700.00	27.05	309411
700.00	27.05	309658
700.00	27.02	309905
700.00	26.95	310153
700.00	26.95	310400
700.00	26.95	310647
700.00	26.88	310894
700.00	26.88	311141
700.00	26.85	311388
700.00	26.82	311636
700.00	26.82	311883
700.00	26.78	312130
700.00	26.75	312377
700.00	26.78	312625
700.00	26.72	312872
700.00	26.68	313119
700.00	26.68	313366
700.00	26.65	313613
700.00	26.61	313861
700.00	26.58	314108
700.00	26.58	314355
700.00	26.55	314602
700.00	26.55	314849
700.00	26.51	315097
700.00	26.48	315344
700.00	26.44	315591
700.00	26.44	315838
700.00	26.44	316086
700.00	26.41	316333
700.00	26.34	316580
700.00	26.38	316827
700.00	26.34	317075
700.00	26.31	317322
700.00	26.28	317569
700.00	26.24	317817
700.00	26.21	318064
700.00	26.21	318311
700.00	26.17	318558
700.00	26.17	318805
700.00	26.17	319052
700.00	26.11	319299
700.00	26.07	319547
700.00	26.07	319794
700.00	26.04	320041
700.00	26.00	320289
700.00	25.97	320536
700.00	25.97	320783
700.00	25.94	321030
700.00	25.94	321277
700.00	25.87	321524
700.00	25.87	321772
700.00	25.90	322019
700.00	25.84	322266
700.00	25.84	322513
700.00	25.80	322761
700.00	25.77	323008
700.00	25.77	323255
700.00	25.77	323502
700.00	25.73	323749
700.00	25.73	323997
700.00	25.70	324244
700.00	25.70	324491
700.00	25.67	324738
700.00	25.67	324985
700.00	25.63	325233
700.00	25.63	325480
700.00	25.63	325727
700.00	25.63	325974
700.00	25.60	326222
700.00	25.60	326469
700.00	25.57	326716
700.00	25.57	326963
700.00	25.57	327210
700.00	25.53	327458
700.00	25.53	327705
700.00	25.50	327952
700.00	25.46	328199
700.00	25.46	328446
700.00	25.46	328694
700.00	25.43	328941
700.00	25.43	329188
700.00	25.40	329435
700.00	25.40	329682
700.00	25.36	329930
700.00	25.33	330177
700.00	25.33	330424
700.00	25.33	330671
700.00	25.29	330918
700.00	25.26	331166
700.00	25.26	331413
700.00	25.23	331660
700.00	25.23	331907
700.00	25.23	332154
700.00	25.16	332402
700.00	25.16	332649
700.00	25.16	332896
700.00	25.13	333143
700.00	25.13	333390
700.00	25.09	333637
700.00	25.09	333884
700.00	25.09	334132
700.00	25.06	334379
700.00	25.02	334626
700.00	25.02	334873
700.00	24.99	335120
700.00	24.99	335367
700.00	24.99	335614
700.00	24.96	335862
700.00	24.96	336109
700.00	24.92	336356
700.00	24.92	336604
700.00	24.89	336851
700.00	24.85	337098
700.00	24.85	337345
700.00	24.82	337592
700.00	24.82	337839
700.00	24.79	338086
700.00	24.79	338334
700.00	24.82	338581
700.00	24.79	338829
700.00	24.79	339076
700.00	24.75	339323
700.00	24.75	339570
700.00	24.72	339817
700.00	24.72	340064
700.00	24.69	340311
700.00	24.69	340559
700.00	24.65	340806
700.00	24.65	341053
700.00	24.65	341301
700.00	24.65	341548
700.00	24.62	341795
700.00	24.65	342042
700.00	24.62	342289
700.00	24.62	342536
700.00	24.62	342784
700.00	24.58	343031
700.00	24.55	343278
700.00	24.58	343525
700.00	24.55	343773
700.00	24.52	344020
700.00	24.52	344267
700.00	24.52	344514
700.00	24.48	344761
700.00	24.48	345009
700.00	24.41	345256
700.00	24.45	345503
700.00	24.38	345750
700.00	24.38	345998
700.00	24.35	346245
700.00	24.35	346492
700.00	24.31	346739
700.00	24.31	346986
700.00	24.31	347234
700.00	24.28	347481
700.00	24.28	347729
700.00	24.25	347976
700.00	24.25	348223
700.00	24.25	348470
700.00	24.21	348717
700.00	24.21	348965
700.00	24.18	349212
700.00	24.14	349459
700.00	24.18	349706
700.00	24.14	349953
700.00	24.14	350200
700.00	24.14	350447
700.00	24.11	350695
700.00	24.11	350942
700.00	24.11	351189
700.00	24.08	351437
700.00	24.08	351684
700.00	24.01	351931
700.00	24.04	352178
700.00	24.04	352425
700.00	24.04	352672
700.00	24.01	352919
700.00	24.01	353167
700.00	23.98	353414
700.00	24.01	353661
700.00	23.94	353908
700.00	23.94	354155
700.00	23.94	354402
700.00	23.91	354649
700.00	23.91	354897
700.00	23.87	355144
700.00	23.91	355391
700.00	23.87	355638
700.00	23.87	355885
700.00	23.84	356133
700.00	23.84	356380
700.00	23.81	356627
700.00	23.81	356875
700.00	23.77	357122
700.00	23.81	357369
700.00	23.77	357617
700.00	23.77	357864
700.00	23.77	358111
700.00	23.74	358358
700.00	23.70	358605
700.00	23.70	358853
700.00	23.70	359100
700.00	23.70	359347
700.00	23.67	359594
700.00	23.67	359841
700.00	23.67	360088
700.00	23.64	360335
700.00	23.64	360583
700.00	23.64	360830
700.00	23.57	361077
700.00	23.60	361324
700.00	23.57	361571
700.00	23.57	361818
700.00	23.54	362066
700.00	23.54	362313
700.00	23.50	362560
700.00	23.50	362807
700.00	23.47	363054
700.00	23.47	363301
700.00	23.47	363549
700.00	23.43	363796
700.00	23.47	364043
700.00	23.43	364290
700.00	23.43	364537
700.00	23.40	364784
700.00	23.40	365032
700.00	23.37	365279
700.00	23.37	365526
700.00	23.33	365773
700.00	23.33	366021
700.00	23.33	366268
700.00	23.33	366515
700.00	23.33	366762
700.00	23.30	367009
700.00	23.27	367256
700.00	23.27	367504
700.00	23.27	367751
700.00	23.23	367998
700.00	23.27	368245
700.00	23.23	368493
700.00	23.23	368740
700.00	23.20	368987
700.00	23.20	369234
700.00	23.20	369481
700.00	23.16	369729
700.00	23.13	369976
700.00	23.13	370223
700.00	23.13	370470
700.00	23.13	370717
700.00	23.10	370965
700.00	23.10	371212
700.00	23.06	371459
700.00	23.10	371706
700.00	23.10	371954
700.00	23.06	372201
700.00	23.06	372448
700.00	23.06	372695
700.00	23.03	372943
700.00	23.06	373190
700.00	23.03	373437
700.00	23.03	373684
700.00	23.03	373931
700.00	22.99	374178
700.00	22.99	374426
700.00	22.99	374673
700.00	22.99	374920
700.00	22.99	375168
700.00	22.99	375415
700.00	22.96	375662
700.00	22.96	375909
700.00	22.96	376157
700.00	22.96	376404
700.00	22.93	376651
700.00	22.93	376898
700.00	22.93	377145
700.00	22.89	377393
700.00	22.89	377640
700.00	22.89	377887
700.00	22.89	378134
700.00	22.89	378382
700.00	22.86	378629
700.00	22.86	378876
700.00	22.86	379123
700.00	22.86	379370
700.00	22.83	379618
700.00	22.83	379865
700.00	22.83	380112
700.00	22.79	380359
700.00	22.79	380607
700.00	22.79	380854
700.00	22.83	381101
700.00	22.76	381348
700.00	22.79	381595
700.00	22.76	381842
700.00	22.79	382090
700.00	22.76	382337
700.00	22.76	382584
700.00	22.76	382831
700.00	22.72	383078
700.00	22.72	383325
700.00	22.72	383572
700.00	22.72	383820
700.00	22.72	384067
700.00	22.72	384314
700.00	22.69	384562
700.00	22.69	384809
700.00	22.69	385056
700.00	22.69	385303
700.00	22.69	385550
700.00	22.62	385797
700.00	22.66	386044
700.00	22.66	386292
700.00	22.66	386539
700.00	22.66	386786
700.00	22.62	387034
700.00	22.66	387281
700.00	22.62	387528
700.00	22.62	387775
700.00	22.62	388022
700.00	22.59	388269
700.00	22.62	388517
700.00	22.59	388764
700.00	22.59	389011
700.00	22.59	389259
700.00	22.59	389506
700.00	22.56	389753
700.00	22.59	390000
700.00	22.59	390247
700.00	22.56	390495
700.00	22.56	390742
700.00	22.56	390990
700.00	22.56	391237
700.00	22.56	391484
700.00	22.56	391731
700.00	22.52	391978
700.00	22.52	392226
700.00	22.52	392473
700.00	22.52	392720
700.00	22.52	392967
700.00	22.49	393215
700.00	22.49	393462
700.00	22.49	393709
700.00	22.49	393956
700.00	22.45	394203
700.00	22.45	394450
700.00	22.45	394698
700.00	22.45	394945
700.00	22.42	395192
700.00	22.42	395439
700.00	22.42	395687
700.00	22.42	395934
700.00	22.35	396181
700.00	22.42	396428
700.00	22.39	396675
700.00	22.35	396923
700.00	22.39	397170
700.00	22.35	397417
700.00	22.35	397664
700.00	22.32	397911
700.00	22.35	398158
700.00	22.35	398405
700.00	22.35	398653
700.00	22.35	398900
700.00	22.32	399147
700.00	22.32	399394
700.00	22.32	399641
700.00	22.32	399888
700.00	22.32	400136
700.00	22.29	400383
700.00	22.32	400630
700.00	22.32	400877
700.00	22.29	401124
700.00	22.29	401372
700.00	22.29	401619
700.00	22.29	401866
700.00	22.29	402113
700.00	22.29	402360
700.00	22.29	402607
700.00	22.29	402854
700.00	22.25	403102
700.00	22.25	403349
700.00	22.22	403596
700.00	22.25	403843
700.00	22.25	404091
700.00	22.22	404338
700.00	22.22	404585
700.00	22.22	404832
700.00	22.22	405079
700.00	22.18	405326
700.00	22.22	405574
700.00	22.18	405821
700.00	22.15	406068
700.00	22.18	406316
700.00	22.15	406563
700.00	22.15	406810
700.00	22.15	407057
700.00	22.15	407304
700.00	22.12	407551
700.00	22.12	407798
700.00	22.08	408046
700.00	22.15	408293
700.00	22.12	408541
700.00	22.15	408788
700.00	22.12	409035
700.00	22.12	409282
700.00	22.08	409530
700.00	22.12	409777
700.00	22.08	410024
700.00	22.08	410271
700.00	22.05	410518
700.00	22.08	410765
700.00	22.01	411013
700.00	22.05	411260
700.00	22.05	411507
700.00	22.05	411754
700.00	22.05	412002
700.00	21.98	412249
700.00	22.01	412497
700.00	22.01	412744
700.00	22.01	412991
700.00	21.95	413238
700.00	22.01	413485
700.00	21.98	413732
700.00	21.98	413979
700.00	21.98	414227
700.00	21.98	414474
700.00	21.95	414721
700.00	21.98	414968
700.00	21.98	415215
700.00	21.95	415462
700.00	21.95	415710
700.00	21.95	415957
700.00	21.95	416204
700.00	21.95	416451
700.00	21.91	416698
700.00	21.95	416946
700.00	21.95	417193
700.00	21.95	417440
700.00	21.95	417687
700.00	21.91	417934
700.00	21.95	418182
700.00	21.95	418429
700.00	21.91	418676
700.00	21.91	418923
700.00	21.91	419171
700.00	21.91	419418
700.00	21.88	419665
700.00	21.91	419913
700.00	21.88	420160
700.00	21.88	420407
700.00	21.88	420654
700.00	21.88	420901
700.00	21.88	421148
700.00	21.85	421396
700.00	21.88	421643
700.00	21.85	421890
700.00	21.85	422137
700.00	21.85	422384
700.00	21.85	422631
700.00	21.85	422879
700.00	21.85	423126
700.00	21.81	423373
700.00	21.81	423620
700.00	21.78	423867
700.00	21.78	424115
700.00	21.81	424362
700.00	21.78	424609
700.00	21.78	424856
700.00	21.78	425103
700.00	21.74	425351
700.00	21.74	425598
700.00	21.74	425845
700.00	21.74	426092
700.00	21.74	426340
700.00	21.74	426587
700.00	21.71	426834
700.00	21.68	427081
700.00	21.71	427328
700.00	21.68	427575
700.00	21.68	427823
700.00	21.68	428070
700.00	21.68	428317
700.00	21.68	428564
700.00	21.64	428811
700.00	21.61	429059
700.00	21.64	429306
700.00	21.64	429554
700.00	21.68	429801
700.00	21.61	430048
700.00	21.64	430295
700.00	21.61	430542
700.00	21.61	430790
700.00	21.61	431037
700.00	21.61	431284
700.00	21.61	431531
700.00	21.61	431779
700.00	21.61	432026
700.00	21.58	432273
700.00	21.54	432520
700.00	21.58	432767
700.00	21.58	433015
700.00	21.58	433262
700.00	21.54	433509
700.00	21.54	433756
700.00	21.54	434003
700.00	21.54	434250
700.00	21.54	434498
700.00	21.54	434745
700.00	21.51	434992
700.00	21.54	435240
700.00	21.47	435487
700.00	21.51	435735
700.00	21.51	435982
700.00	21.51	436229
700.00	21.47	436476
700.00	21.47	436724
700.00	21.47	436971
700.00	21.44	437218
700.00	21.44	437465
700.00	21.47	437712
700.00	21.47	437960
700.00	21.44	438207
700.00	21.44	438454
700.00	21.44	438701
700.00	21.41	438949
700.00	21.44	439196
700.00	21.41	439443
700.00	21.44	439690
700.00	21.41	439937
700.00	21.41	440185
700.00	21.41	440432
700.00	21.41	440679
700.00	21.41	440926
700.00	21.37	441174
700.00	21.37	441421
700.00	21.37	441668
700.00	21.37	441915
700.00	21.41	442162
700.00	21.37	442409
700.00	21.37	442657
700.00	21.37	442904
700.00	21.37	443151
700.00	21.34	443398
700.00	21.37	443646
700.00	21.34	443893
700.00	21.34	444140
700.00	21.34	444387
700.00	21.37	444634
700.00	21.34	444881
700.00	21.34	445129
700.00	21.30	445376
700.00	21.30	445623
700.00	21.30	445870
700.00	21.30	446117
700.00	21.27	446364
700.00	21.27	446612
700.00	21.27	446859
700.00	21.27	447106
700.00	21.30	447353
700.00	21.27	447600
700.00	21.27	447847
700.00	21.27	448094
700.00	21.24	448342
700.00	21.24	448589
700.00	21.20	448836
700.00	21.24	449083
700.00	21.20	449330
700.00	21.17	449577
700.00	21.20	449825
700.00	21.17	450072
700.00	21.17	450319
700.00	21.17	450566
700.00	21.14	450814
700.00	21.17	451061
700.00	21.14	451308
700.00	21.14	451555
700.00	21.14	451802
700.00	21.14	452050
700.00	21.14	452297
700.00	21.14	452544
700.00	21.14	452791
700.00	21.10	453039
700.00	21.14	453286
700.00	21.10	453533
700.00	21.10	453780
700.00	21.10	454027
700.00	21.10	454274
700.00	21.10	454522
700.00	21.14	454769
700.00	21.10	455016
700.00	21.10	455263
700.00	21.10	455511
700.00	21.10	455758
700.00	21.10	456005
700.00	21.07	456252
700.00	21.03	456499
700.00	21.07	456746
700.00	21.07	456994
700.00	21.07	457241
700.00	21.07	457488
700.00	21.03	457735
700.00	21.07	457983
700.00	21.03	458230
700.00	21.07	458477
700.00	21.07	458724
700.00	21.07	458971
700.00	21.07	459218
700.00	21.03	459466
700.00	21.07	459713
700.00	21.03	459960
700.00	21.03	460207
700.00	21.03	460454
700.00	21.03	460701
700.00	21.03	460949
700.00	21.03	461196
700.00	21.03	461443
700.00	21.03	461690
700.00	21.03	461937
700.00	21.03	462184
700.00	21.03	462431
700.00	21.00	462679
700.00	21.03	462926
700.00	21.00	463173
700.00	21.03	463421
700.00	21.00	463668
700.00	21.00	463915
700.00	21.00	464162
700.00	21.03	464409
700.00	21.00	464656
700.00	21.03	464903
700.00	21.00	465151
700.00	21.03	465398
700.00	21.00	465645
700.00	21.00	465893
700.00	21.00	466140
700.00	21.00	466387
700.00	21.00	466634
700.00	21.00	466881
700.00	21.00	467128
700.00	21.00	467375
700.00	20.97	467623
700.00	20.97	467870
700.00	21.00	468117
700.00	21.00	468364
700.00	20.97	468612
700.00	21.00	468859
700.00	20.97	469106
700.00	20.97	469353
700.00	20.97	469600
700.00	20.97	469847
700.00	20.97	470095
700.00	20.97	470342
700.00	20.93	470589
700.00	20.97	470837
700.00	20.93	471084
700.00	20.93	471331
700.00	20.93	471578
700.00	20.93	471826
700.00	20.93	472073
700.00	20.93	472320
700.00	20.90	472567
700.00	20.93	472814
700.00	20.90	473062
700.00	20.90	473309
700.00	20.90	473556
700.00	20.93	473803
700.00	20.90	474050
700.00	20.90	474298
700.00	20.87	474545
700.00	20.90	474792
700.00	20.87	475039
700.00	20.87	475286
700.00	20.87	475534
700.00	20.87	475781
700.00	20.87	476028
700.00	20.87	476275
700.00	20.83	476523
700.00	20.83	476770
700.00	20.87	477017
700.00	20.83	477265
700.00	20.83	477512
700.00	20.87	477760
700.00	20.83	478007
700.00	20.83	478254
700.00	20.83	478501
700.00	20.83	478748
700.00	20.83	478995
700.00	20.83	479242
700.00	20.83	479490
700.00	20.83	479737
700.00	20.83	479984
700.00	20.83	480231
700.00	20.83	480478
700.00	20.80	480725
700.00	20.80	480973
700.00	20.80	481220
700.00	20.83	481467
700.00	20.76	481714
700.00	20.80	481962
700.00	20.76	482209
700.00	20.80	482456
700.00	20.80	482703
700.00	20.76	482950
700.00	20.80	483197
700.00	20.80	483445
700.00	20.76	483692
700.00	20.76	483939
700.00	20.76	484187
700.00	20.73	484434
700.00	20.76	484681
700.00	20.73	484928
700.00	20.80	485175
700.00	20.76	485422
700.00	20.76	485669
700.00	20.76	485917
700.00	20.76	486164
700.00	20.73	486411
700.00	20.73	486659
700.00	20.73	486906
700.00	20.76	487153
700.00	20.76	487400
700.00	20.76	487647
700.00	20.73	487894
700.00	20.76	488142
700.00	20.73	488389
700.00	20.73	488636
700.00	20.73	488883
700.00	20.73	489131
700.00	20.73	489378
700.00	20.73	489625
700.00	20.73	489872
700.00	20.73	490119
700.00	20.73	490367
700.00	20.73	490614
700.00	20.73	490861
700.00	20.70	491108
700.00	20.73	491355
700.00	20.73	491602
700.00	20.70	491849
700.00	20.70	492097
700.00	20.70	492344
700.00	20.70	492591
700.00	20.70	492838
700.00	20.73	493085
700.00	20.70	493332
700.00	20.70	493579
700.00	20.70	493827
700.00	20.70	494074
700.00	20.73	494321
700.00	20.66	494569
700.00	20.70	494816
700.00	20.70	495063
700.00	20.70	495310
700.00	20.66	495557
700.00	20.70	495804
700.00	20.70	496051
700.00	20.70	496299
700.00	20.70	496546
700.00	20.66	496793
700.00	20.70	497041
700.00	20.70	497288
700.00	20.70	497535
700.00	20.70	497782
700.00	20.70	498029
700.00	20.70	498276
700.00	20.66	498524
700.00	20.70	498771
700.00	20.66	499018
700.00	20.66	499265
700.00	20.66	499513
700.00	20.66	499760
700.00	20.66	500007
700.00	20.63	500254
700.00	20.63	500501
700.00	20.63	500748
700.00	20.63	500995
700.00	20.63	501243
700.00	20.66	501490
700.00	20.63	501737
700.00	20.60	501985
700.00	20.63	502232
700.00	20.63	502479
700.00	20.63	502726
700.00	20.60	502973
700.00	20.60	503220
700.00	20.63	503468
700.00	20.60	503715
700.00	20.60	503962
700.00	20.63	504210
700.00	20.60	504457
700.00	20.56	504704
700.00	20.56	504951
700.00	20.56	505198
700.00	20.56	505446
700.00	20.60	505693
700.00	20.56	505940
700.00	20.56	506187
700.00	20.60	506434
700.00	20.53	506682
700.00	20.56	506929
700.00	20.56	507176
700.00	20.56	507423
700.00	20.56	507670
700.00	20.49	507917
700.00	20.53	508164
700.00	20.53	508412
700.00	20.56	508659
700.00	20.53	508906
700.00	20.56	509153
700.00	20.53	509400
700.00	20.53	509647
700.00	20.53	509894
700.00	20.53	510142
700.00	20.53	510389
700.00	20.56	510636
700.00	20.49	510883
700.00	20.49	511130
700.00	20.49	511378
700.00	20.49	511625
700.00	20.53	511872
700.00	20.53	512119
700.00	20.49	512366
700.00	20.53	512613
700.00	20.53	512861
700.00	20.49	513108
700.00	20.49	513355
700.00	20.49	513602
700.00	20.49	513849
700.00	20.53	514096
700.00	20.49	514344
700.00	20.49	514591
700.00	20.49	514838
700.00	20.49	515085
700.00	20.49	515332
700.00	20.49	515579
700.00	20.49	515827
700.00	20.46	516074
700.00	20.46	516321
700.00	20.46	516568
700.00	20.49	516815
700.00	20.46	517062
700.00	20.46	517309
700.00	20.46	517557
700.00	20.46	517804
700.00	20.46	518051
700.00	20.46	518298
700.00	20.46	518545
700.00	20.46	518792
700.00	20.46	519040
700.00	20.46	519287
700.00	20.46	519535
700.00	20.43	519782
700.00	20.46	520030
700.00	20.43	520277
700.00	20.46	520524
700.00	20.43	520771
700.00	20.43	521019
700.00	20.46	521266
700.00	20.43	521513
700.00	20.46	521760
700.00	20.46	522007
700.00	20.46	522255
700.00	20.46	522502
700.00	20.46	522749
700.00	20.43	522996
700.00	20.43	523244
700.00	20.43	523491
700.00	20.43	523738
700.00	20.43	523985
700.00	20.43	524232
700.00	20.46	524479
700.00	20.43	524727
700.00	20.43	524974
700.00	20.43	525221
700.00	20.43	525468
700.00	20.43	525716
700.00	20.43	525963
700.00	20.43	526210
700.00	20.43	526457
700.00	20.43	526704
700.00	20.36	526951
700.00	20.39	527198
700.00	20.39	527445
700.00	20.39	527693
700.00	20.39	527940
700.00	20.43	528187
700.00	20.39	528434
700.00	20.43	528681
700.00	20.39	528928
700.00	20.39	529176
700.00	20.39	529423
700.00	20.39	529670
700.00	20.43	529917
700.00	20.39	530164
700.00	20.43	530412
700.00	20.39	530659
700.00	20.39	530906
700.00	20.36	531153
700.00	20.39	531400
700.00	20.39	531647
700.00	20.39	531894
700.00	20.39	532142
700.00	20.39	532389
700.00	20.36	532636
700.00	20.39	532883
700.00	20.36	533130
700.00	20.36	533377
700.00	20.36	533624
700.00	20.36	533872
700.00	20.36	534119
700.00	20.36	534366
700.00	20.36	534613
700.00	20.36	534860
700.00	20.36	535107
700.00	20.33	535355
700.00	20.36	535602
700.00	20.36	535849
700.00	20.33	536096
700.00	20.36	536343
700.00	20.36	536590
700.00	20.33	536837
700.00	20.36	537085
700.00	20.33	537332
700.00	20.36	537580
700.00	20.33	537827
700.00	20.29	538074
700.00	20.33	538321
700.00	20.33	538568
700.00	20.29	538816
700.00	20.29	539063
700.00	20.33	539310
700.00	20.33	539557
700.00	20.33	539804
700.00	20.29	540052
700.00	20.33	540299
700.00	20.33	540546
700.00	20.29	540793
700.00	20.26	541041
700.00	20.29	541288
700.00	20.26	541536
700.00	20.29	541783
700.00	20.29	542030
700.00	20.29	542277
700.00	20.29	542524
700.00	20.26	542771
700.00	20.26	543018
700.00	20.29	543266
700.00	20.26	543513
700.00	20.29	543760
700.00	20.26	544008
700.00	20.26	544255
700.00	20.29	544502
700.00	20.22	544749
700.00	20.29	544996
700.00	20.26	545244
700.00	20.22	545491
700.00	20.29	545738
700.00	20.26	545985
700.00	20.26	546233
700.00	20.26	546480
700.00	20.29	546727
700.00	20.26	546974
700.00	20.29	547221
700.00	20.26	547468
700.00	20.29	547716
700.00	20.26	547963
700.00	20.26	548210
700.00	20.29	548457
700.00	20.29	548705
700.00	20.29	548952
700.00	20.26	549199
700.00	20.29	549446
700.00	20.29	549693
700.00	20.29	549940
700.00	20.29	550188
700.00	20.29	550435
700.00	20.29	550682
700.00	20.33	550929
700.00	20.29	551177
700.00	20.29	551424
700.00	20.29	551671
700.00	20.29	551918
700.00	20.33	552165
700.00	20.33	552412
700.00	20.29	552660
700.00	20.29	552907
700.00	20.29	553154
700.00	20.29	553401
700.00	20.29	553649
700.00	20.26	553896
700.00	20.29	554143
700.00	20.29	554390
700.00	20.29	554637
700.00	20.26	554884
700.00	20.29	555132
700.00	20.26	555380
700.00	20.26	555627
700.00	20.26	555874
700.00	20.26	556121
700.00	20.22	556368
700.00	20.26	556616
700.00	20.26	556863
700.00	20.22	557110
700.00	20.22	557358
700.00	20.22	557605
700.00	20.22	557852
700.00	20.22	558099
700.00	20.22	558346
700.00	20.19	558593
700.00	20.19	558841
700.00	20.19	559088
700.00	20.19	559335
700.00	20.19	559582
700.00	20.19	559830
700.00	20.19	560077
700.00	20.16	560324
700.00	20.16	560571
700.00	20.16	560818
700.00	20.16	561066
700.00	20.19	561313
700.00	20.16	561560
700.00	20.16	561807
700.00	20.16	562054
700.00	20.16	562302
700.00	20.16	562549
700.00	20.16	562796
700.00	20.12	563043
700.00	20.16	563291
700.00	20.16	563538
700.00	20.16	563785
700.00	20.16	564032
700.00	20.16	564279
700.00	20.12	564526
700.00	20.19	564773
700.00	20.16	565021
700.00	20.12	565268
700.00	20.16	565515
700.00	20.16	565763
700.00	20.16	566010
700.00	20.12	566257
700.00	20.16	566504
700.00	20.16	566751
700.00	20.12	566998
700.00	20.12	567246
700.00	20.12	567493
700.00	20.12	567740
700.00	20.12	567988
700.00	20.12	568235
700.00	20.12	568482
700.00	20.12	568729
700.00	20.12	568976
700.00	20.12	569223
700.00	20.12	569471
700.00	20.12	569718
700.00	20.12	569965
700.00	20.12	570212
700.00	20.12	570460
700.00	20.16	570707
700.00	20.12	570954
700.00	20.12	571201
700.00	20.12	571448
700.00	20.12	571695
700.00	20.09	571943
700.00	20.12	572190
700.00	20.12	572437
700.00	20.09	572684
700.00	20.09	572931
700.00	20.09	573178
700.00	20.09	573426
700.00	20.12	573673
700.00	20.09	573920
700.00	20.09	574167
700.00	20.09	574414
700.00	20.09	574661
700.00	20.09	574908
700.00	20.09	575156
700.00	20.09	575403
700.00	20.09	575650
700.00	20.05	575897
700.00	20.09	576144
700.00	20.09	576391
700.00	20.05	576638
700.00	20.05	576886
700.00	20.09	577133
700.00	20.05	577380
700.00	20.09	577627
700.00	20.05	577874
700.00	20.05	578121
700.00	20.05	578369
700.00	20.05	578616
700.00	20.02	578863
700.00	20.05	579110
700.00	20.05	579357
700.00	20.05	579605
700.00	20.05	579852
700.00	20.05	580099
700.00	20.05	580346
700.00	20.02	580593
700.00	20.02	580841
700.00	20.05	581088
700.00	20.05	581335
700.00	20.02	581582
700.00	20.02	581829
700.00	20.02	582077
700.00	20.02	582324
700.00	20.02	582571
700.00	20.05	582819
700.00	20.02	583066
700.00	20.02	583313
700.00	20.02	583560
700.00	20.02	583807
700.00	20.05	584054
700.00	20.02	584301
700.00	20.02	584549
700.00	20.05	584796
699.62	19.99	585043
700.00	20.02	585291
700.00	20.02	585538
700.00	20.02	585785
700.00	20.02	586032
700.00	20.02	586279
699.62	19.99	586526
699.62	19.99	586773
700.00	20.02	587021
699.62	19.99	587268
700.00	20.02	587515
699.62	19.99	587763
700.00	20.02	588010
699.62	19.99	588257
699.62	19.99	588504
699.61	19.99	588751
699.61	19.99	588998
699.61	19.99	589245
699.60	19.99	589493
699.60	19.99	589740
699.60	19.99	589988
699.59	19.99	590235
699.59	19.99	590482
698.56	19.95	590729
699.57	19.99	590976
699.57	19.99	591223
699.56	19.99	591470
698.54	19.95	591718
699.54	19.99	591965
699.54	19.99	592212
699.54	19.99	592460
699.53	19.99	592707
699.53	19.99	592954
699.53	19.99	593201
699.52	19.99	593448
699.52	19.99	593695
698.49	19.95	593943
698.48	19.95	594190
698.46	19.95	594437
698.45	19.95	594684
698.44	19.95	594932
698.42	19.95	595179
698.41	19.95	595426
698.40	19.95	595673
698.38	19.95	595920
698.37	19.95	596168
698.35	19.95	596415
699.36	19.99	596662
698.34	19.95	596909
697.30	19.92	597156
698.30	19.95	597404
698.28	19.95	597651
697.25	19.92	597898
698.25	19.95	598145
697.21	19.92	598393
697.18	19.92	598640
698.18	19.95	598887
697.15	19.92	599134
697.12	19.92	599381
697.10	19.92	599629
697.07	19.92	599876
697.05	19.92	600123
697.03	19.92	600370
697.00	19.92	600617
696.98	19.92	600865
696.95	19.92	601112
696.93	19.92	601359
696.90	19.92	601606
696.88	19.92	601853
697.88	19.95	602101
697.87	19.95	602348
696.83	19.92	602595
695.78	19.89	602842
695.75	19.89	603089
696.74	19.92	603336
696.71	19.92	603584
695.67	19.89	603831
697.68	19.95	604078
696.64	19.92	604325
696.62	19.92	604572
696.59	19.92	604819
697.59	19.95	605067
696.55	19.92	605314
697.56	19.95	605561
696.52	19.92	605808
696.49	19.92	606055
696.47	19.92	606302
697.47	19.95	606549
696.43	19.92	606797
696.41	19.92	607044
695.36	19.89	607291
696.35	19.92	607538
696.32	19.92	607785
696.30	19.92	608032
697.30	19.95	608279
696.26	19.92	608527
696.24	19.92	608774
696.21	19.92	609021
695.17	19.89	609268
696.16	19.92	609515
696.13	19.92	609763
695.09	19.89	610010
696.07	19.92	610257
696.05	19.92	610504
695.00	19.89	610751
694.97	19.89	610998
695.96	19.92	611246
695.93	19.92	611493
694.89	19.89	611740
694.85	19.89	611987
694.82	19.89	612235
695.81	19.92	612482
694.76	19.89	612729
694.73	19.89	612976
695.72	19.92	613223
694.67	19.89	613470
694.63	19.89	613717
694.60	19.89	613965
694.57	19.89	614212
694.53	19.89	614459
694.50	19.89	614707
693.44	19.85	614954
693.40	19.85	615201
694.38	19.89	615448
694.34	19.89	615695
693.28	19.85	615942
693.24	19.85	616190
693.20	19.85	616437
694.17	19.89	616684
694.14	19.89	616932
693.08	19.85	617179
694.06	19.89	617426
694.03	19.89	617673
692.97	19.85	617920
692.93	19.85	618167
692.88	19.85	618414
693.86	19.89	618662
692.80	19.85	618909
691.73	19.82	619156
692.71	19.85	619404
692.66	19.85	619651
692.62	19.85	619898
692.57	19.85	620145
692.53	19.85	620392
692.48	19.85	620639
691.41	19.82	620887
691.36	19.82	621134
692.33	19.85	621381
692.29	19.85	621628
691.22	19.82	621875
691.16	19.82	622123
693.16	19.89	622370
692.10	19.85	622617
692.05	19.85	622864
690.99	19.82	623112
690.93	19.82	623359
691.90	19.85	623606
690.83	19.82	623853
690.78	19.82	624100
690.72	19.82	624348
690.67	19.82	624595
691.64	19.85	624842
690.57	19.82	625089
691.54	19.85	625337
690.47	19.82	625584
691.44	19.85	625831
690.37	19.82	626078
691.34	19.85	626325
690.27	19.82	626572
691.25	19.85	626820
690.18	19.82	627067
691.15	19.85	627314
690.08	19.82	627561
690.02	19.82	627809
689.97	19.82	628056
690.94	19.85	628303
689.87	19.82	628550
690.84	19.85	628797
689.77	19.82	629044
689.72	19.82	629291
689.66	19.82	629539
690.63	19.85	629786
689.56	19.82	630033
689.51	19.82	630280
688.43	19.78	630527
689.39	19.82	630775
690.36	19.85	631022
689.29	19.82	631269
690.26	19.85	631516
689.19	19.82	631763
690.16	19.85	632010
689.09	19.82	632257
689.04	19.82	632505
688.98	19.82	632752
688.93	19.82	632999
688.88	19.82	633246
688.82	19.82	633493
688.77	19.82	633741
688.71	19.82	633988
688.66	19.82	634235
688.60	19.82	634482
688.55	19.82	634729
688.49	19.82	634977
687.42	19.78	635224
688.38	19.82	635471
688.32	19.82	635718
688.27	19.82	635965
688.21	19.82	636213
688.16	19.82	636460
687.08	19.78	636707
688.04	19.82	636954
687.98	19.82	637201
687.93	19.82	637448
686.85	19.78	637695
686.79	19.78	637943
687.75	19.82	638190
687.69	19.82	638437
687.64	19.82	638684
686.56	19.78	638931
687.52	19.82	639178
687.46	19.82	639426
687.41	19.82	639673
686.33	19.78	639920
686.27	19.78	640168
687.23	19.82	640415
686.15	19.78	640662
686.08	19.78	640909
686.02	19.78	641156
685.96	19.78	641403
685.89	19.78	641651
685.83	19.78	641898
685.76	19.78	642145
686.72	19.82	642392
685.64	19.78	642640
685.58	19.78	642887
684.49	19.75	643134
685.44	19.78	643381
685.37	19.78	643628
684.29	19.75	643876
686.26	19.82	644123
685.18	19.78	644370
685.12	19.78	644617
684.03	19.75	644864
684.98	19.78	645112
684.91	19.78	645359
684.85	19.78	645606
684.78	19.78	645853
684.72	19.78	646101
684.65	19.78	646348
685.61	19.82	646595
684.54	19.78	646842
684.47	19.78	647089
684.41	19.78	647336
684.34	19.78	647584
684.28	19.78	647831
685.24	19.82	648078
685.18	19.82	648325
685.13	19.82	648572
685.07	19.82	648819
684.00	19.78	649066
683.93	19.78	649314
683.87	19.78	649561
683.80	19.78	649808
683.74	19.78	650055
683.67	19.78	650302
683.61	19.78	650549
683.54	19.78	650796
683.48	19.78	651044
684.44	19.82	651291
684.38	19.82	651538
683.31	19.78	651786
684.26	19.82	652033
683.19	19.78	652280
683.12	19.78	652527
684.08	19.82	652774
684.03	19.82	653021
683.97	19.82	653269
682.89	19.78	653516
682.83	19.78	653763
683.79	19.82	654011
683.73	19.82	654258
683.68	19.82	654505
683.62	19.82	654752
683.57	19.82	654999
683.52	19.82	655246
683.46	19.82	655493
683.41	19.82	655740
683.35	19.82	655988
683.30	19.82	656235
683.24	19.82	656482
684.21	19.85	656730
683.14	19.82	656977
683.09	19.82	657224
684.06	19.85	657471
684.02	19.85	657718
682.95	19.82	657965
682.89	19.82	658212
683.86	19.85	658460
683.82	19.85	658707
682.75	19.82	658955
682.70	19.82	659202
684.69	19.89	659449
683.63	19.85	659696
683.59	19.85	659943
684.57	19.89	660190
683.51	19.85	660437
683.47	19.85	660685
683.42	19.85	660932
683.38	19.85	661179
684.35	19.89	661427
684.32	19.89	661674
682.24	19.82	661921
683.21	19.85	662168
683.17	19.85	662415
684.14	19.89	662662
684.11	19.89	662910
684.08	19.89	663157
684.04	19.89	663404
682.98	19.85	663651
683.96	19.89	663899
683.93	19.89	664146
683.89	19.89	664393
683.86	19.89	664640
683.83	19.89	664887
683.79	19.89	665135
683.76	19.89	665382
684.75	19.92	665629
684.72	19.92	665876
683.68	19.89	666123
684.66	19.92	666371
684.64	19.92	666618
684.62	19.92	666865
684.59	19.92	667112
684.57	19.92	667359
684.54	19.92	667606
685.55	19.95	667853
684.51	19.92	668101
684.48	19.92	668348
684.46	19.92	668595
684.43	19.92	668842
684.41	19.92	669089
685.41	19.95	669337
684.37	19.92	669584
684.35	19.92	669831
684.32	19.92	670079
685.33	19.95	670326
685.31	19.95	670573
685.30	19.95	670820
685.28	19.95	671068
685.27	19.95	671315
685.26	19.95	671562
685.24	19.95	671809
685.23	19.95	672056
685.21	19.95	672303
685.20	19.95	672550
685.19	19.95	672798
684.15	19.92	673045
685.15	19.95	673292
685.14	19.95	673539
684.10	19.92	673786
685.10	19.95	674034
686.11	19.99	674281
685.08	19.95	674528
686.09	19.99	674775
685.06	19.95	675023
685.05	19.95	675270
684.01	19.92	675517
685.01	19.95	675764
685.00	19.95	676011
686.00	19.99	676259
684.98	19.95	676506
683.94	19.92	676753
684.94	19.95	677000
684.93	19.95	677248
684.91	19.95	677495
684.90	19.95	677742
684.89	19.95	677989
684.87	19.95	678236
684.86	19.95	678484
685.87	19.99	678731
684.84	19.95	678978
684.83	19.95	679225
685.83	19.99	679472
685.83	19.99	679719
684.80	19.95	679967
684.79	19.95	680214
684.78	19.95	680461
685.79	19.99	680708
685.78	19.99	680955
684.76	19.95	681203
685.76	19.99	681450
685.76	19.99	681697
685.76	19.99	681944
685.75	19.99	682191
684.73	19.95	682438
685.74	19.99	682685
685.73	19.99	682933
685.73	19.99	683180
685.72	19.99	683427
686.74	20.02	683675
685.73	19.99	683922
685.72	19.99	684169
685.72	19.99	684416
685.72	19.99	684663
685.71	19.99	684910
685.71	19.99	685158
685.70	19.99	685405
685.70	19.99	685652
685.70	19.99	685900
685.69	19.99	686147
685.69	19.99	686394
685.69	19.99	686641
685.68	19.99	686888
686.70	20.02	687135
685.68	19.99	687383
685.68	19.99	687630
685.68	19.99	687877
685.67	19.99	688124
686.69	20.02	688372
686.70	20.02	688619
685.68	19.99	688866
685.68	19.99	689113
686.70	20.02	689360
686.70	20.02	689608
686.71	20.02	689855
686.72	20.02	690102
686.72	20.02	690349
686.73	20.02	690597
686.74	20.02	690844
686.74	20.02	691091
686.75	20.02	691338
686.75	20.02	691585
686.76	20.02	691833
687.79	20.05	692080
686.78	20.02	692327
686.79	20.02	692574
686.80	20.02	692821
686.80	20.02	693069
687.83	20.05	693316
686.83	20.02	693563
687.85	20.05	693810
687.87	20.05	694057
686.87	20.02	694304
687.89	20.05	694551
686.89	20.02	694799
686.89	20.02	695046
687.92	20.05	695293
687.94	20.05	695540
687.96	20.05	695787
687.97	20.05	696034
686.97	20.02	696282
688.00	20.05	696529
688.01	20.05	696776
687.01	20.02	697023
688.03	20.05	697270
687.03	20.02	697517
688.06	20.05	697765
689.10	20.09	698012
688.10	20.05	698259
688.12	20.05	698506
688.13	20.05	698753
687.13	20.02	699000
687.13	20.02	699248
687.14	20.02	699495
688.17	20.05	699742
688.19	20.05	699989
688.20	20.05	700237
688.22	20.05	700484
688.24	20.05	700731
687.23	20.02	700978
687.24	20.02	701225
688.26	20.05	701473
688.28	20.05	701720
687.28	20.02	701967
688.30	20.05	702214