850.00	72.03	170635
850.00	72.03	170883
850.00	72.03	171131
850.00	72.03	171379
850.00	72.03	171627
850.00	72.07	171875
850.00	72.07	172123
850.00	72.07	172371
850.00	72.07	172619
850.00	72.07	172866
850.00	72.07	173113
850.00	72.10	173360
850.00	72.14	173607
850.00	72.14	173855
850.00	72.14	174102
850.00	72.10	174349
850.00	72.14	174596
850.00	72.17	174843
850.00	72.17	175090
850.00	72.17	175337
850.00	72.17	175584
850.00	72.20	175832
850.00	72.20	176079
850.00	72.20	176326
850.00	72.24	176573
850.00	72.24	176820
850.00	72.24	177067
850.00	72.27	177314
850.00	72.24	177561
850.00	72.27	177809
850.00	72.27	178056
850.00	72.24	178303
850.00	72.31	178550
850.00	72.27	178797
850.00	72.31	179045
850.00	72.31	179292
850.00	72.31	179539
850.00	72.31	179786
850.00	72.31	180033
850.00	72.34	180280
850.00	72.31	180527
850.00	72.34	180775
850.00	72.34	181022
850.00	72.34	181269
850.00	72.34	181516
850.00	72.38	181763
850.00	72.38	182010
850.00	72.38	182257
850.00	72.41	182504
850.00	72.41	182752
850.00	72.38	182999
850.00	72.41	183246
850.00	72.41	183494
850.00	72.38	183741
850.00	72.41	183988
850.00	72.38	184235
850.00	72.41	184482
850.00	72.41	184729
850.00	72.41	184976
850.00	72.38	185224
850.00	72.38	185471
850.00	72.38	185718
850.00	72.38	185965
850.00	72.38	186212
850.00	72.34	186459
850.00	72.34	186706
850.00	72.38	186953
850.00	72.34	187201
850.00	72.27	187448
850.00	72.27	187695
850.00	72.24	187943
850.00	72.24	188190
850.00	72.20	188437
850.00	72.20	188684
850.00	72.17	188931
850.00	72.10	189178
850.00	72.07	189425
850.00	72.03	189672
850.00	72.00	189920
850.00	71.96	190167
850.00	71.86	190414
850.00	71.83	190661
850.00	71.79	190908
850.00	71.72	191156
850.00	71.62	191403
850.00	71.55	191650
850.00	71.48	191897
850.00	71.38	192144
850.00	71.31	192391
850.00	71.24	192638
850.00	71.18	192886
850.00	71.07	193133
850.00	71.00	193380
850.00	70.90	193627
850.00	70.83	193874
850.00	70.70	194121
850.00	70.59	194368
850.00	70.52	194616
850.00	70.46	194863
850.00	70.32	195110
850.00	70.22	195357
850.00	70.15	195605
850.00	70.04	195852
850.00	69.91	196099
850.00	69.80	196346
850.00	69.70	196593
850.00	69.60	196840
850.00	69.50	197088
850.00	69.39	197335
850.00	69.26	197582
850.00	69.15	197829
850.00	68.98	198076
850.00	68.84	198323
850.00	68.71	198571
850.00	68.54	198818
850.00	68.40	199065
850.00	68.23	199312
850.00	68.02	199559
850.00	67.88	199806
850.00	67.71	200054
850.00	67.54	200301
850.00	67.40	200548
850.00	67.20	200795
850.00	67.03	201042
850.00	66.82	201289
850.00	66.65	201536
850.00	66.45	201784
850.00	66.24	202031
850.00	66.00	202278
850.00	65.80	202525
850.00	65.56	202773
850.00	65.35	203020
850.00	65.11	203267
850.00	64.87	203514
850.00	64.67	203761
850.00	64.46	204008
850.00	64.22	204256
850.00	64.02	204503
850.00	63.84	204750
850.00	63.60	204997
850.00	63.47	205244
850.00	63.23	205492
850.00	63.02	205739
850.00	62.85	205986
850.00	62.68	206233
850.00	62.51	206480
850.00	62.30	206728
850.00	62.17	206975
850.00	62.00	207222
850.00	61.79	207469
850.00	61.59	207716
850.00	61.45	207964
850.00	61.24	208211
850.00	61.11	208458
850.00	60.90	208705
850.00	60.73	208952
850.00	60.56	209199
850.00	60.39	209447
850.00	60.22	209694
850.00	60.01	209941
850.00	59.84	210188
850.00	59.64	210435
850.00	59.40	210683
850.00	59.26	210930
850.00	59.02	211177
850.00	58.85	211424
850.00	58.65	211672
850.00	58.44	211919
850.00	58.24	212166
850.00	58.03	212413
850.00	57.83	212660
850.00	57.62	212907
850.00	57.38	213155
850.00	57.18	213402
850.00	56.94	213649
850.00	56.73	213896
850.00	56.49	214143
850.00	56.32	214391
850.00	56.12	214638
850.00	55.91	214885
850.00	55.67	215132
850.00	55.47	215379
850.00	55.27	215626
850.00	55.06	215873
850.00	54.86	216120
850.00	54.62	216368
850.00	54.45	216615
850.00	54.21	216862
850.00	54.00	217109
850.00	53.80	217357
850.00	53.63	217604
850.00	53.42	217852
850.00	53.22	218099
850.00	53.01	218346
850.00	52.81	218593
850.00	52.57	218841
850.00	52.40	219088
850.00	52.19	219335
850.00	52.02	219582
850.00	51.82	219829
850.00	51.58	220076
850.00	51.38	220323
850.00	51.14	220571
850.00	50.90	220818
850.00	50.73	221066
850.00	50.49	221313
850.00	50.32	221560
850.00	50.08	221807
850.00	49.84	222054
850.00	49.64	222301
850.00	49.43	222548
850.00	49.23	222796
850.00	48.99	223043
850.00	48.79	223290
850.00	48.55	223538
850.00	48.34	223785
850.00	48.14	224032
850.00	47.93	224279
850.00	47.70	224526
850.00	47.53	224773
850.00	47.36	225021
850.00	47.12	225268
850.00	46.95	225515
850.00	46.71	225762
850.00	46.50	226010
850.00	46.37	226257
850.00	46.13	226504
850.00	45.93	226751
850.00	45.76	226998
850.00	45.55	227246
850.00	45.31	227493
850.00	45.18	227740
850.00	44.94	227987
850.00	44.73	228234
850.00	44.53	228482
850.00	44.33	228729
850.00	44.12	228976
850.00	43.92	229223
850.00	43.71	229470
850.00	43.54	229717
850.00	43.34	229964
850.00	43.17	230212
850.00	42.97	230459
850.00	42.76	230706
850.00	42.59	230953
850.00	42.42	231201
850.00	42.25	231448
850.00	42.08	231695
850.00	41.91	231942
850.00	41.74	232189
850.00	41.57	232436
850.00	41.40	232683
850.00	41.23	232931
850.00	41.06	233178
850.00	40.89	233425
850.00	40.76	233672
850.00	40.59	233920
850.00	40.42	234167
850.00	40.28	234414
850.00	40.11	234661
850.00	40.01	234908
850.00	39.84	235155
850.00	39.70	235402
850.00	39.57	235650
850.00	39.43	235897
850.00	39.30	236144
850.00	39.16	236391
850.00	39.02	236638
850.00	38.92	236885
850.00	38.75	237132
850.00	38.62	237380
850.00	38.48	237627
850.00	38.34	237875
850.00	38.24	238122
850.00	38.11	238369
850.00	37.97	238616
850.00	37.80	238863
850.00	37.66	239110
850.00	37.53	239357
850.00	37.43	239604
850.00	37.29	239852
850.00	37.16	240099
850.00	37.02	240346
850.00	36.92	240593
850.00	36.78	240841
850.00	36.68	241088
850.00	36.54	241335
850.00	36.41	241582
850.00	36.31	241830
850.00	36.21	242077
850.00	36.07	242324
850.00	35.97	242571
850.00	35.90	242818
850.00	35.76	243066
850.00	35.70	243313
850.00	35.63	243560
850.00	35.49	243807
850.00	35.39	244055
850.00	35.29	244302
850.00	35.22	244549
850.00	35.15	244797
850.00	35.05	245044
850.00	34.95	245291
850.00	34.85	245538
850.00	34.75	245785
850.00	34.68	246033
850.00	34.58	246280
850.00	34.47	246527
850.00	34.41	246774
850.00	34.27	247021
850.00	34.20	247268
850.00	34.07	247515
850.00	34.03	247763
850.00	33.90	248010
850.00	33.80	248257
850.00	33.73	248504
850.00	33.59	248751
850.00	33.52	248998
850.00	33.42	249246
850.00	33.36	249493
850.00	33.22	249740
850.00	33.19	249987
850.00	33.05	250235
850.00	32.98	250482
850.00	32.91	250729
850.00	32.81	250976
850.00	32.71	251223
850.00	32.64	251470
850.00	32.61	251717
850.00	32.51	251965
850.00	32.44	252212
850.00	32.37	252459
850.00	32.30	252706
850.00	32.20	252954
850.00	32.13	253201
850.00	32.07	253448
850.00	32.03	253695
850.00	31.93	253942
850.00	31.86	254189
850.00	31.76	254437
850.00	31.69	254684
850.00	31.63	254931
850.00	31.56	255178
850.00	31.46	255425
850.00	31.39	255673
850.00	31.32	255920
850.00	31.22	256167
850.00	31.15	256414
850.00	31.08	256661
850.00	31.02	256908
850.00	30.91	257155
850.00	30.81	257403
850.00	30.78	257650
850.00	30.64	257897
850.00	30.58	258144
850.00	30.51	258391
850.00	30.44	258638
850.00	30.34	258885
850.00	30.27	259133
850.00	30.20	259380
850.00	30.10	259627
850.00	30.00	259874
850.00	29.97	260121
850.00	29.86	260369
850.00	29.80	260616
850.00	29.70	260863
850.00	29.63	261110
850.00	29.56	261358
850.00	29.46	261605
850.00	29.39	261852
850.00	29.36	262099
850.00	29.25	262347
850.00	29.22	262594
850.00	29.12	262841
850.00	29.05	263088
850.00	28.98	263335
850.00	28.92	263582
850.00	28.85	263830
850.00	28.81	264077
850.00	28.75	264324
850.00	28.71	264571
850.00	28.61	264819
850.00	28.54	265066
850.00	28.51	265313
850.00	28.48	265560
850.00	28.41	265807
850.00	28.31	266054
850.00	28.27	266302
850.00	28.24	266549
850.00	28.17	266796
850.00	28.14	267043
850.00	28.07	267290
850.00	28.04	267538
850.00	28.00	267785
850.00	27.93	268032
850.00	27.83	268279
850.00	27.83	268526
850.00	27.80	268773
850.00	27.73	269020
850.00	27.70	269268
850.00	27.63	269515
850.00	27.60	269763
850.00	27.53	270010
850.00	27.49	270257
850.00	27.46	270504
850.00	27.43	270751
850.00	27.39	270998
850.00	27.32	271246
850.00	27.29	271493
850.00	27.22	271740
850.00	27.19	271988
850.00	27.16	272235
850.00	27.12	272482
850.00	27.05	272729
850.00	27.02	272976
850.00	26.99	273223
850.00	26.95	273471
850.00	26.88	273718
850.00	26.82	273965
850.00	26.78	274212
850.00	26.75	274459
850.00	26.68	274707
850.00	26.65	274954
850.00	26.61	275201
850.00	26.55	275448
850.00	26.55	275695
850.00	26.48	275943
850.00	26.44	276190
850.00	26.41	276437
850.00	26.38	276684
850.00	26.34	276931
850.00	26.31	277178
850.00	26.24	277426
850.00	26.21	277673
850.00	26.17	277920
850.00	26.11	278167
850.00	26.07	278414
850.00	26.04	278661
850.00	25.97	278909
850.00	25.94	279156
850.00	25.87	279403
850.00	25.84	279651
850.00	25.84	279898
850.00	25.77	280145
850.00	25.70	280393
850.00	25.70	280640
850.00	25.63	280887
850.00	25.60	281134
850.00	25.57	281381
850.00	25.53	281629
850.00	25.50	281876
850.00	25.43	282123
850.00	25.43	282370
850.00	25.36	282617
850.00	25.33	282864
850.00	25.29	283111
850.00	25.26	283359
850.00	25.23	283606
850.00	25.16	283853
850.00	25.13	284101
850.00	25.09	284348
850.00	25.09	284595
850.00	25.06	284842
850.00	25.02	285089
850.00	24.99	285336
850.00	24.96	285583
850.00	24.89	285831
850.00	24.89	286078
850.00	24.85	286325
850.00	24.82	286573
850.00	24.82	286820
850.00	24.79	287067
850.00	24.75	287314
850.00	24.72	287561
850.00	24.69	287808
850.00	24.65	288056
850.00	24.62	288303
850.00	24.58	288550
850.00	24.62	288798
850.00	24.55	289045
850.00	24.52	289292
850.00	24.52	289539
850.00	24.48	289786
850.00	24.48	290033
850.00	24.45	290281
850.00	24.41	290528
850.00	24.38	290775
850.00	24.35	291022
850.00	24.35	291269
850.00	24.35	291517
850.00	24.28	291764
850.00	24.28	292011
850.00	24.21	292258
850.00	24.25	292505
850.00	24.21	292753
850.00	24.18	293000
850.00	24.14	293247
850.00	24.14	293494
850.00	24.11	293741
850.00	24.11	293989
850.00	24.04	294236
850.00	24.04	294483
850.00	24.01	294730
850.00	24.01	294978
850.00	23.98	295225
850.00	23.94	295472
850.00	23.94	295719
850.00	23.91	295966
850.00	23.87	296213
850.00	23.84	296460
850.00	23.84	296708
850.00	23.81	296955
850.00	23.81	297202
850.00	23.77	297449
850.00	23.74	297696
850.00	23.74	297943
850.00	23.70	298191
850.00	23.64	298438
850.00	23.64	298685
850.00	23.60	298932
850.00	23.57	299179
850.00	23.57	299427
850.00	23.50	299674
850.00	23.50	299921
850.00	23.50	300168
850.00	23.47	300415
850.00	23.43	300663
850.00	23.43	300910
850.00	23.40	301157
850.00	23.37	301404
850.00	23.33	301651
850.00	23.33	301899
850.00	23.30	302146
850.00	23.27	302393
850.00	23.27	302640
850.00	23.23	302888
850.00	23.23	303135
850.00	23.23	303382
850.00	23.20	303629
850.00	23.20	303876
850.00	23.16	304123
850.00	23.16	304370
850.00	23.13	304617
850.00	23.13	304865
850.00	23.13	305112
850.00	23.10	305359
850.00	23.10	305606
850.00	23.10	305853
850.00	23.03	306100
850.00	23.03	306347
850.00	23.03	306594
850.00	22.99	306842
850.00	22.99	307089
850.00	22.96	307336
850.00	22.93	307583
850.00	22.93	307831
850.00	22.89	308078
850.00	22.86	308325
850.00	22.86	308572
850.00	22.83	308820
850.00	22.79	309067
850.00	22.79	309315
850.00	22.76	309562
850.00	22.72	309809
850.00	22.69	310056
850.00	22.69	310303
850.00	22.66	310551
850.00	22.62	310798
850.00	22.62	311046
850.00	22.59	311293
850.00	22.56	311540
850.00	22.52	311788
850.00	22.49	312035
850.00	22.49	312282
850.00	22.45	312529
850.00	22.42	312776
850.00	22.39	313023
850.00	22.35	313270
850.00	22.35	313518
850.00	22.32	313765
850.00	22.29	314012
850.00	22.29	314260
850.00	22.29	314507
850.00	22.25	314754
850.00	22.22	315001
850.00	22.22	315248
850.00	22.18	315496
850.00	22.15	315743
850.00	22.15	315990
850.00	22.12	316237
850.00	22.08	316484
850.00	22.08	316731
850.00	22.05	316979
850.00	22.01	317226
850.00	22.05	317473
850.00	22.01	317720
850.00	21.98	317967
850.00	21.98	318215
850.00	21.91	318462
850.00	21.91	318709
850.00	21.91	318956
850.00	21.91	319203
850.00	21.88	319450
850.00	21.88	319698
850.00	21.85	319945
850.00	21.85	320192
850.00	21.81	320439
850.00	21.81	320686
850.00	21.78	320933
850.00	21.78	321180
850.00	21.74	321428
850.00	21.71	321675
850.00	21.71	321923
850.00	21.71	322170
850.00	21.68	322417
850.00	21.68	322664
850.00	21.68	322912
850.00	21.61	323159
850.00	21.61	323406
850.00	21.61	323653
850.00	21.58	323901
850.00	21.58	324148
850.00	21.54	324395
850.00	21.54	324642
850.00	21.47	324889
850.00	21.47	325136
850.00	21.47	325383
850.00	21.44	325631
850.00	21.41	325878
850.00	21.41	326125
850.00	21.37	326372
850.00	21.41	326619
850.00	21.34	326867
850.00	21.37	327114
850.00	21.34	327361
850.00	21.34	327608
850.00	21.34	327855
850.00	21.27	328102
850.00	21.34	328349
850.00	21.30	328596
850.00	21.27	328844
850.00	21.24	329091
850.00	21.27	329338
850.00	21.20	329585
850.00	21.20	329832
850.00	21.24	330079
850.00	21.20	330326
850.00	21.20	330574
850.00	21.14	330821
850.00	21.17	331069
850.00	21.14	331316
850.00	21.14	331563
850.00	21.10	331810
850.00	21.10	332057
850.00	21.07	332304
850.00	21.07	332551
850.00	21.07	332799
850.00	21.03	333046
850.00	21.03	333293
850.00	21.00	333540
850.00	21.00	333788
850.00	21.00	334035
850.00	20.97	334282
850.00	20.97	334529
850.00	20.93	334776
850.00	20.97	335024
850.00	20.93	335271
850.00	20.93	335518
850.00	20.90	335765
850.00	20.90	336012
850.00	20.87	336260
850.00	20.90	336507
850.00	20.83	336754
850.00	20.83	337001
850.00	20.83	337248
850.00	20.87	337495
850.00	20.83	337742
850.00	20.83	337990
850.00	20.80	338237
850.00	20.80	338484
850.00	20.76	338731
850.00	20.76	338978
850.00	20.80	339226
850.00	20.76	339473
850.00	20.73	339720
850.00	20.73	339967
850.00	20.73	340214
850.00	20.70	340461
850.00	20.73	340708
850.00	20.70	340956
850.00	20.66	341203
850.00	20.70	341450
850.00	20.70	341697
850.00	20.66	341944
850.00	20.66	342191
850.00	20.66	342438
850.00	20.63	342685
850.00	20.63	342933
850.00	20.63	343180
850.00	20.60	343427
850.00	20.60	343674
850.00	20.60	343921
850.00	20.56	344169
850.00	20.56	344416
850.00	20.56	344663
850.00	20.56	344910
850.00	20.53	345158
850.00	20.53	345405
850.00	20.53	345652
850.00	20.49	345899
850.00	20.49	346146
850.00	20.49	346394
850.00	20.46	346641
850.00	20.46	346888
850.00	20.46	347135
850.00	20.46	347382
850.00	20.43	347630
850.00	20.43	347877
850.00	20.39	348124
850.00	20.39	348371
850.00	20.36	348618
850.00	20.36	348865
850.00	20.36	349113
850.00	20.33	349360
850.00	20.33	349607
850.00	20.33	349854
850.00	20.29	350102
850.00	20.26	350349
850.00	20.26	350596
850.00	20.26	350843
850.00	20.29	351090
850.00	20.22	351338
850.00	20.26	351585
850.00	20.22	351833
850.00	20.19	352080
850.00	20.22	352327
850.00	20.22	352574
850.00	20.16	352821
850.00	20.16	353069
850.00	20.16	353316
850.00	20.16	353563
850.00	20.16	353810
850.00	20.16	354057
850.00	20.09	354304
850.00	20.12	354551
850.00	20.12	354799
850.00	20.12	355046
850.00	20.12	355293
850.00	20.09	355540
850.00	20.05	355787
850.00	20.09	356034
850.00	20.09	356281
850.00	20.09	356529
850.00	20.05	356776
850.00	20.05	357023
850.00	20.05	357270
850.00	20.05	357517
850.00	20.02	357764
850.00	20.02	358012
850.00	20.02	358259
849.62	19.99	358506
850.00	20.02	358753
849.62	19.99	359000
849.62	19.99	359248
849.61	19.99	359495
849.61	19.99	359742
848.58	19.95	359989
848.57	19.95	360237
848.56	19.95	360484
848.54	19.95	360731
847.50	19.92	360978
848.50	19.95	361225
847.47	19.92	361473
847.44	19.92	361720
847.42	19.92	361967
846.37	19.89	362214
846.34	19.89	362461
845.28	19.85	362709
845.24	19.85	362956
845.19	19.85	363203
844.12	19.82	363450
844.07	19.82	363698
844.01	19.82	363945
842.94	19.78	364192
843.89	19.82	364439
842.82	19.78	364686
842.75	19.78	364933
842.69	19.78	365181
841.60	19.75	365428
840.50	19.72	365675
840.42	19.72	365922
840.33	19.72	366170
840.25	19.72	366417
840.16	19.72	366665
839.05	19.68	366912
838.96	19.68	367159
838.86	19.68	367406
837.75	19.65	367654
837.64	19.65	367901
837.54	19.65	368148
836.41	19.62	368395
836.29	19.62	368642
836.18	19.62	368889
835.04	19.58	369137
834.91	19.58	369384
834.79	19.58	369631
833.64	19.55	369878
833.50	19.55	370125
833.37	19.55	370373
833.23	19.55	370620
833.10	19.55	370867
832.96	19.55	371114
831.80	19.51	371361
831.66	19.51	371609
831.51	19.51	371856
831.37	19.51	372103
831.22	19.51	372350
830.05	19.48	372597
829.90	19.48	372845
829.74	19.48	373092
829.58	19.48	373339
829.43	19.48	373586
828.25	19.45	373833
829.11	19.48	374080
827.93	19.45	374327
827.76	19.45	374575
827.60	19.45	374822
827.43	19.45	375069
827.26	19.45	375316
826.08	19.41	375563
825.90	19.41	375810
825.72	19.41	376057
824.53	19.38	376305
824.34	19.38	376552
824.15	19.38	376799
822.94	19.35	377046
822.75	19.35	377293
822.55	19.35	377540
822.35	19.35	377787
822.16	19.35	378035
820.94	19.31	378282
820.73	19.31	378529
820.53	19.31	378776
820.32	19.31	379023
819.09	19.28	379271
819.90	19.31	379518
818.67	19.28	379765
817.43	19.24	380012
817.20	19.24	380259
818.00	19.28	380507
816.76	19.24	380754
816.53	19.24	381001
817.33	19.28	381248
816.09	19.24	381496
814.84	19.21	381743
815.62	19.24	381990
815.40	19.24	382237
815.17	19.24	382484
813.92	19.21	382731
813.68	19.21	382978
813.45	19.21	383226
814.23	19.24	383473
812.98	19.21	383721
812.75	19.21	383968
811.49	19.18	384215
811.24	19.18	384462
810.99	19.18	384709
811.77	19.21	384956
810.51	19.18	385203
809.24	19.14	385450
808.98	19.14	385698
808.72	19.14	385945
809.49	19.18	386192
809.25	19.18	386439
807.97	19.14	386687
806.69	19.11	386934
806.43	19.11	387181
806.16	19.11	387428
806.92	19.14	387675
806.66	19.14	387922
805.38	19.11	388169
805.11	19.11	388417
804.84	19.11	388664
804.58	19.11	388911
803.29	19.08	389158
803.01	19.08	389405
803.76	19.11	389652
802.47	19.08	389899
802.19	19.08	390146
801.91	19.08	390394
801.63	19.08	390641
801.36	19.08	390888
801.08	19.08	391135
799.78	19.04	391382
799.49	19.04	391629
799.20	19.04	391877
798.91	19.04	392124
798.63	19.04	392371
798.34	19.04	392618
797.03	19.01	392865
797.76	19.04	393113
797.47	19.04	393360
797.18	19.04	393607
796.89	19.04	393854
794.56	18.97	394101
795.28	19.01	394349
794.98	19.01	394596
794.68	19.01	394844
794.38	19.01	395091
795.11	19.04	395338
793.80	19.01	395585
793.50	19.01	395833
792.18	18.97	396080
791.87	18.97	396327
792.59	19.01	396574
791.27	18.97	396821
790.96	18.97	397068
790.65	18.97	397315
791.37	19.01	397562
790.05	18.97	397810
789.74	18.97	398057
789.43	18.97	398304
789.12	18.97	398551
787.79	18.94	398798
788.50	18.97	399046
788.19	18.97	399293
787.88	18.97	399540
787.58	18.97	399787
787.27	18.97	400034
786.96	18.97	400281
785.63	18.94	400528
786.33	18.97	400776
785.00	18.94	401023
784.68	18.94	401270
784.37	18.94	401517
784.05	18.94	401764
783.73	18.94	402011
784.44	18.97	402258
783.10	18.94	402506
781.76	18.91	402753
782.46	18.94	403000
781.12	18.91	403248
781.81	18.94	403495
780.47	18.91	403742
781.17	18.94	403989
779.83	18.91	404236
779.50	18.91	404483
778.15	18.87	404730
778.83	18.91	404977
777.48	18.87	405225
777.14	18.87	405472
776.81	18.87	405719
776.47	18.87	405966
776.13	18.87	406213
774.77	18.84	406460
774.42	18.84	406707
774.07	18.84	406955
773.73	18.84	407202
772.36	18.81	407449
773.02	18.84	407696
772.67	18.84	407943
772.32	18.84	408191
770.95	18.81	408438
770.59	18.81	408685
770.24	18.81	408932
768.85	18.77	409179
768.48	18.77	409426
769.14	18.81	409673
766.74	18.74	409920
767.38	18.77	410168
767.01	18.77	410415
765.62	18.74	410662
766.26	18.77	410910
765.89	18.77	411157
763.48	18.70	411404
764.12	18.74	411651
763.74	18.74	411898
763.36	18.74	412145
761.96	18.70	412392
761.57	18.70	412640
761.18	18.70	412887
760.79	18.70	413134
760.40	18.70	413381
760.01	18.70	413629
759.63	18.70	413876
759.24	18.70	414123
757.82	18.67	414370
757.42	18.67	414617
757.02	18.67	414864
756.63	18.67	415112
756.23	18.67	415359
756.85	18.70	415606
755.44	18.67	415853
754.02	18.64	416100
755.66	18.70	416347
753.22	18.64	416594
752.81	18.64	416841
752.40	18.64	417089
750.97	18.60	417336
751.57	18.64	417584
751.17	18.64	417831
750.76	18.64	418078
749.33	18.60	418325
748.91	18.60	418572
748.49	18.60	418819
748.07	18.60	419067
747.65	18.60	419314
747.23	18.60	419561
746.81	18.60	419809
746.39	18.60	420056
744.95	18.57	420303
744.52	18.57	420550
745.11	18.60	420797
743.67	18.57	421044
744.27	18.60	421291
743.85	18.60	421539
743.43	18.60	421786
741.98	18.57	422033
742.58	18.60	422281
741.14	18.57	422528
740.71	18.57	422775
740.28	18.57	423022
738.83	18.54	423269
739.41	18.57	423516
737.96	18.54	423763
737.52	18.54	424011
737.08	18.54	424258
736.64	18.54	424505
737.22	18.57	424753
735.77	18.54	425000
736.35	18.57	425247
735.92	18.57	425494
735.49	18.57	425741
734.04	18.54	425988
734.63	18.57	426235
733.17	18.54	426483
732.74	18.54	426730
732.30	18.54	426977
731.86	18.54	427225
730.40	18.50	427472
730.97	18.54	427719
729.51	18.50	427966
729.06	18.50	428213
728.61	18.50	428460
728.16	18.50	428707
727.71	18.50	428955
726.23	18.47	429202
726.80	18.50	429449
725.32	18.47	429697
725.89	18.50	429944
724.42	18.47	430191
723.96	18.47	430438
723.50	18.47	430685
723.04	18.47	430933
722.58	18.47	431180
721.10	18.43	431427
720.63	18.43	431674
720.16	18.43	431922
719.69	18.43	432169
719.22	18.43	432416
718.75	18.43	432663
718.28	18.43	432910
717.81	18.43	433158
717.34	18.43	433405
716.87	18.43	433652
716.40	18.43	433899
715.93	18.43	434146
715.46	18.43	434394
714.99	18.43	434641
713.50	18.40	434888
714.04	18.43	435135
712.55	18.40	435382
712.07	18.40	435629
711.59	18.40	435877
711.11	18.40	436124
710.63	18.40	436371
711.17	18.43	436618
710.70	18.43	436866
709.21	18.40	437113
709.75	18.43	437360
708.26	18.40	437607
708.80	18.43	437855
707.31	18.40	438102
706.83	18.40	438349
706.35	18.40	438597
705.87	18.40	438844
705.39	18.40	439091
704.91	18.40	439338
704.43	18.40	439585
702.92	18.37	439833
703.46	18.40	440080
701.95	18.37	440327
701.46	18.37	440574
702.00	18.40	440821
701.52	18.40	441068
701.04	18.40	441316
700.56	18.40	441563
700.08	18.40	441810
698.58	18.37	442058
699.11	18.40	442305
698.63	18.40	442552
698.15	18.40	442799
697.67	18.40	443046
696.17	18.37	443293
696.70	18.40	443540
696.22	18.40	443788
695.74	18.40	444035
695.26	18.40	444283
694.78	18.40	444530
694.30	18.40	444777
694.84	18.43	445024
693.35	18.40	445271
692.87	18.40	445518
692.39	18.40	445765
690.89	18.37	446012
691.42	18.40	446260
690.94	18.40	446507
690.46	18.40	446754
691.00	18.43	447001
690.53	18.43	447249
688.02	18.37	447496
688.55	18.40	447743
689.10	18.43	447990
688.63	18.43	448237
687.13	18.40	448484
686.65	18.40	448732
687.20	18.43	448979
685.70	18.40	449226
685.22	18.40	449473
685.77	18.43	449720
684.27	18.40	449968
684.82	18.43	450215
683.33	18.40	450462
682.85	18.40	450709
683.39	18.43	450956
680.87	18.37	451204
681.41	18.40	451451
680.93	18.40	451698
680.45	18.40	451945
679.97	18.40	452193
679.49	18.40	452440
680.03	18.43	452687
679.56	18.43	452935
678.07	18.40	453182
677.59	18.40	453429
678.13	18.43	453676
676.64	18.40	453923
676.16	18.40	454170
676.70	18.43	454418
676.23	18.43	454665
675.76	18.43	454912
675.29	18.43	455159
674.82	18.43	455406
674.35	18.43	455653
673.88	18.43	455901
673.41	18.43	456148
673.96	18.47	456395
673.50	18.47	456642
673.04	18.47	456889
672.58	18.47	457136
672.12	18.47	457383
671.67	18.47	457630
671.21	18.47	457878
670.75	18.47	458125
670.29	18.47	458372
669.83	18.47	458619
670.39	18.50	458866
669.94	18.50	459113
669.49	18.50	459360
669.04	18.50	459607
668.59	18.50	459855
669.17	18.54	460102
668.73	18.54	460349
668.29	18.54	460596
668.87	18.57	460843
667.42	18.54	461091
668.00	18.57	461338
667.57	18.57	461585
667.14	18.57	461832
666.71	18.57	462079
667.31	18.60	462326
665.87	18.57	462573
666.46	18.60	462821
666.04	18.60	463068
665.62	18.60	463315
665.20	18.60	463563
664.79	18.60	463810
664.37	18.60	464057
663.95	18.60	464304
664.55	18.64	464551
664.14	18.64	464798
663.73	18.64	465045
663.32	18.64	465293
661.89	18.60	465540
662.50	18.64	465787
663.11	18.67	466034
662.71	18.67	466281
662.31	18.67	466528
661.91	18.67	466775
661.51	18.67	467022
661.11	18.67	467270
660.72	18.67	467517
661.34	18.70	467764
659.93	18.67	468011
660.55	18.70	468258
660.17	18.70	468505
659.78	18.70	468752
659.39	18.70	468999
660.02	18.74	469247
659.64	18.74	469494
658.24	18.70	469741
658.88	18.74	469989
657.47	18.70	470236
659.13	18.77	470483
656.72	18.70	470730
657.35	18.74	470977
656.97	18.74	471224
656.59	18.74	471471
657.24	18.77	471719
656.87	18.77	471966
656.50	18.77	472213
656.13	18.77	472461
656.79	18.81	472708
656.43	18.81	472955
656.07	18.81	473202
655.71	18.81	473449
656.38	18.84	473696
655.01	18.81	473943
654.65	18.81	474191
654.29	18.81	474438
653.93	18.81	474685
653.57	18.81	474932
654.24	18.84	475180
653.89	18.84	475427
653.54	18.84	475674
653.19	18.84	475921
652.84	18.84	476168
652.50	18.84	476415
653.17	18.87	476662
652.83	18.87	476910
652.49	18.87	477157
652.16	18.87	477404
652.84	18.91	477651
652.51	18.91	477898
651.16	18.87	478145
650.82	18.87	478392
650.49	18.87	478639
651.17	18.91	478887
651.86	18.94	479134
650.52	18.91	479381
651.22	18.94	479628
650.90	18.94	479876
650.58	18.94	480123
650.27	18.94	480370
650.97	18.97	480617
650.66	18.97	480864
650.36	18.97	481111
650.05	18.97	481358
649.74	18.97	481606
649.43	18.97	481853
649.13	18.97	482100
648.82	18.97	482347
649.53	19.01	482594
649.24	19.01	482841
648.94	19.01	483088
648.64	19.01	483335
649.37	19.04	483582
649.08	19.04	483830
648.79	19.04	484077
648.50	19.04	484324
648.22	19.04	484572
648.95	19.08	484819
648.68	19.08	485066
649.42	19.11	485313
648.13	19.08	485560
648.88	19.11	485807
648.61	19.11	486054
648.34	19.11	486302
648.07	19.11	486549
647.81	19.11	486796
647.54	19.11	487043
648.30	19.14	487290
648.04	19.14	487538
648.81	19.18	487785
647.53	19.14	488032
648.30	19.18	488279
649.08	19.21	488526
648.84	19.21	488773
648.60	19.21	489020
647.35	19.18	489268
648.12	19.21	489515
647.88	19.21	489762
648.67	19.24	490009
648.44	19.24	490256
648.22	19.24	490504
647.99	19.24	490751
647.76	19.24	490998
648.56	19.28	491245
648.35	19.28	491493
648.13	19.28	491740
647.91	19.28	491987
648.72	19.31	492234
648.51	19.31	492481
649.33	19.35	492729
648.11	19.31	492976
648.92	19.35	493223
648.73	19.35	493470
648.53	19.35	493717
649.36	19.38	493965
649.18	19.38	494212
650.01	19.41	494459
649.84	19.41	494706
649.66	19.41	494954
649.48	19.41	495201
649.31	19.41	495449
649.13	19.41	495696
648.96	19.41	495943
649.80	19.45	496190
648.61	19.41	496437
649.46	19.45	496685
650.32	19.48	496932
650.16	19.48	497179
650.01	19.48	497426
650.87	19.51	497673
650.73	19.51	497920
650.58	19.51	498168
651.46	19.55	498415
651.32	19.55	498662
651.19	19.55	498909
651.05	19.55	499156
650.92	19.55	499404
651.81	19.58	499651
651.68	19.58	499898
652.58	19.62	500145
652.46	19.62	500392
652.35	19.62	500640
651.21	19.58	500887
652.11	19.62	501134
653.02	19.65	501381
652.91	19.65	501629
652.81	19.65	501876
653.72	19.68	502123
652.61	19.65	502370
653.52	19.68	502617
653.43	19.68	502864
653.33	19.68	503111
654.26	19.72	503359
654.18	19.72	503606
655.12	19.75	503853
654.02	19.72	504100
654.96	19.75	504347
654.88	19.75	504594
654.81	19.75	504841
655.76	19.78	505088
655.69	19.78	505336
655.63	19.78	505583
656.58	19.82	505830
655.51	19.78	506077
656.47	19.82	506324
656.41	19.82	506572
657.38	19.85	506819
656.31	19.82	507066
657.28	19.85	507313
658.26	19.89	507560
657.21	19.85	507808
658.18	19.89	508055
658.15	19.89	508302
658.12	19.89	508549
659.10	19.92	508797
658.06	19.89	509044
660.07	19.95	509291
660.06	19.95	509538
659.02	19.92	509785
660.02	19.95	510032
660.01	19.95	510279
659.99	19.95	510527
659.98	19.95	510774
660.99	19.99	511021
660.98	19.99	511268
662.00	20.02	511515
662.01	20.02	511762
663.04	20.05	512009
662.03	20.02	512256
663.06	20.05	512504
663.08	20.05	512751
663.09	20.05	512998
663.11	20.05	513245
663.13	20.05	513492
664.17	20.09	513739
663.17	20.05	513986
664.21	20.09	514234
665.26	20.12	514481
665.30	20.12	514728
665.33	20.12	514975
665.37	20.12	515222
666.43	20.16	515469
666.48	20.16	515717
666.52	20.16	515964
666.57	20.16	516211
667.64	20.19	516458
666.67	20.16	516705
667.74	20.19	516952
667.80	20.19	517199
667.86	20.19	517446
668.94	20.22	517694
669.01	20.22	517941
669.07	20.22	518188
669.14	20.22	518435
670.23	20.26	518682
671.33	20.29	518929
671.42	20.29	519176
671.51	20.29	519423
671.59	20.29	519671
671.68	20.29	519918
671.77	20.29	520165
671.86	20.29	520412
671.94	20.29	520659
673.06	20.33	520907
673.15	20.33	521154
673.25	20.33	521401
674.37	20.36	521648
673.46	20.33	521895
674.58	20.36	522142
675.71	20.39	522389
674.80	20.36	522637
675.93	20.39	522884
676.05	20.39	523131
677.19	20.43	523378
677.32	20.43	523625
678.47	20.46	523872
677.59	20.43	524119
677.72	20.43	524367
678.87	20.46	524614
677.98	20.43	524861
679.13	20.46	525108
679.27	20.46	525355
679.41	20.46	525602
680.57	20.49	525849
680.72	20.49	526097
680.87	20.49	526344
681.01	20.49	526591
682.19	20.53	526838
682.35	20.53	527085
683.53	20.56	527332
682.67	20.53	527580
683.85	20.56	527827
684.02	20.56	528074
684.19	20.56	528321
685.38	20.60	528568
684.54	20.56	528816
684.71	20.56	529063
684.88	20.56	529310
686.07	20.60	529557
686.25	20.60	529804
686.42	20.60	530052
687.63	20.63	530299
687.82	20.63	530546
688.01	20.63	530793
688.20	20.63	531040
688.38	20.63	531287
689.60	20.66	531535
689.79	20.66	531782
688.97	20.63	532029
691.21	20.70	532276
690.39	20.66	532523
691.61	20.70	532770
692.84	20.73	533018
692.04	20.70	533265
692.25	20.70	533512
693.48	20.73	533759
693.70	20.73	534007
693.92	20.73	534254
694.14	20.73	534501
694.36	20.73	534748
694.58	20.73	534995
694.80	20.73	535242
695.02	20.73	535490
697.28	20.80	535737
696.50	20.76	535984
696.73	20.76	536231
696.96	20.76	536479
697.19	20.76	536726
697.42	20.76	536973
697.64	20.76	537220
697.87	20.76	537467
699.13	20.80	537715
699.37	20.80	537962
699.61	20.80	538210
699.85	20.80	538457
700.09	20.80	538704
700.33	20.80	538951
701.59	20.83	539198
701.84	20.83	539446
702.09	20.83	539693
702.34	20.83	539940
702.59	20.83	540187
702.84	20.83	540434
703.09	20.83	540681
703.34	20.83	540928
703.59	20.83	541175
703.83	20.83	541423
704.08	20.83	541670
704.33	20.83	541917
704.58	20.83	542165
704.83	20.83	542412
704.06	20.80	542659
705.32	20.83	542906
704.55	20.80	543153
705.81	20.83	543401
705.04	20.80	543648
705.28	20.80	543895
706.54	20.83	544142
706.79	20.83	544390
707.04	20.83	544637
707.29	20.83	544884
707.54	20.83	545131
707.79	20.83	545378
709.06	20.87	545625
709.32	20.87	545872
708.56	20.83	546119
709.83	20.87	546367
709.07	20.83	546614
710.34	20.87	546862
710.60	20.87	547109
710.86	20.87	547356
710.09	20.83	547603
711.37	20.87	547850
710.60	20.83	548097
710.85	20.83	548345
711.10	20.83	548592
712.38	20.87	548839
711.61	20.83	549086
711.86	20.83	549333
712.11	20.83	549581
712.36	20.83	549828
713.63	20.87	550075
713.89	20.87	550322
713.13	20.83	550569
714.40	20.87	550816
714.66	20.87	551064
714.92	20.87	551311
715.18	20.87	551558
715.44	20.87	551805
715.70	20.87	552053
714.94	20.83	552300
715.19	20.83	552547
716.46	20.87	552794
716.72	20.87	553041
715.96	20.83	553288
716.21	20.83	553535
717.48	20.87	553783
716.72	20.83	554030
717.99	20.87	554277
718.25	20.87	554524
718.51	20.87	554771
718.77	20.87	555018
718.00	20.83	555265
719.28	20.87	555513
719.54	20.87	555760
719.80	20.87	556007
720.06	20.87	556255
720.32	20.87	556502
719.55	20.83	556749
719.80	20.83	556996
720.05	20.83	557243
720.30	20.83	557490
720.55	20.83	557737
720.80	20.83	557985
722.07	20.87	558232
722.33	20.87	558479
721.57	20.83	558726
721.82	20.83	558973
722.07	20.83	559220
722.32	20.83	559467
722.57	20.83	559714
722.82	20.83	559962
722.04	20.80	560209
723.31	20.83	560456
722.53	20.80	560703
723.80	20.83	560950
724.04	20.83	561198
724.29	20.83	561445
724.54	20.83	561692
724.79	20.83	561939
725.04	20.83	562186
725.29	20.83	562433
724.52	20.80	562680
724.76	20.80	562928
726.02	20.83	563175
727.29	20.87	563422
726.53	20.83	563669
726.78	20.83	563916
728.05	20.87	564163
727.29	20.83	564410
727.54	20.83	564658
726.77	20.80	564905
728.03	20.83	565152
728.28	20.83	565400
728.53	20.83	565647
728.78	20.83	565894
730.05	20.87	566141
729.29	20.83	566388
729.54	20.83	566635
729.79	20.83	566882
729.01	20.80	567130
730.27	20.83	567377
730.52	20.83	567624
730.77	20.83	567871
730.00	20.80	568118
731.26	20.83	568366
730.49	20.80	568613
730.73	20.80	568860
731.99	20.83	569107
731.22	20.80	569354
731.46	20.80	569601
731.70	20.80	569849
731.94	20.80	570096
732.18	20.80	570343
732.42	20.80	570590
732.65	20.80	570838
732.89	20.80	571085
732.11	20.76	571332
732.34	20.76	571579
732.57	20.76	571826
733.82	20.80	572074
734.06	20.80	572321
733.27	20.76	572568
733.50	20.76	572815
733.73	20.76	573063
733.96	20.76	573310
734.19	20.76	573557
733.40	20.73	573804
733.62	20.73	574051
734.86	20.76	574298
735.09	20.76	574546
734.30	20.73	574793
734.51	20.73	575040
735.76	20.76	575287
735.99	20.76	575534
735.19	20.73	575782
735.41	20.73	576029
736.65	20.76	576276
735.86	20.73	576523
735.06	20.70	576770
735.27	20.70	577017
736.50	20.73	577264
735.69	20.70	577512
735.90	20.70	577759
736.11	20.70	578006
737.34	20.73	578253
736.54	20.70	578500
736.75	20.70	578747
736.96	20.70	578994
737.17	20.70	579242
737.38	20.70	579489
737.59	20.70	579736
737.79	20.70	579984
736.98	20.66	580231
738.20	20.70	580478
738.41	20.70	580725
737.60	20.66	580972
738.82	20.70	581219
738.01	20.66	581466
738.20	20.66	581714
738.40	20.66	581961
737.58	20.63	582208
738.79	20.66	582456
738.99	20.66	582703
739.19	20.66	582950
739.39	20.66	583197
739.59	20.66	583444
739.79	20.66	583691
738.96	20.63	583938
739.15	20.63	584186
739.34	20.63	584433
738.50	20.60	584680
738.68	20.60	584927
739.89	20.63	585174
740.07	20.63	585421
740.26	20.63	585669
739.43	20.60	585916
739.61	20.60	586163
739.78	20.60	586410
738.94	20.56	586658
739.11	20.56	586905
739.28	20.56	587152
739.45	20.56	587399
739.61	20.56	587646
739.78	20.56	587893
739.95	20.56	588140
740.12	20.56	588387
740.29	20.56	588635
739.43	20.53	588882
740.62	20.56	589129
739.76	20.53	589376
739.92	20.53	589623
739.05	20.49	589871
739.20	20.49	590118
739.35	20.49	590365
739.50	20.49	590612
738.62	20.46	590859
738.76	20.46	591106
738.90	20.46	591353
739.04	20.46	591600
739.17	20.46	591848
738.29	20.43	592095
738.42	20.43	592342
738.55	20.43	592590
737.65	20.39	592837
737.77	20.39	593084
737.88	20.39	593331
736.98	20.36	593578
738.11	20.39	593825
737.21	20.36	594073
737.31	20.36	594320
737.42	20.36	594567
736.51	20.33	594814
736.60	20.33	595062
736.70	20.33	595309
736.80	20.33	595556
736.90	20.33	595803
735.97	20.29	596050
736.06	20.29	596298
735.12	20.26	596545
735.20	20.26	596792
734.25	20.22	597039
734.32	20.22	597286
735.41	20.26	597533
734.46	20.22	597781
734.53	20.22	598028
733.57	20.19	598275
733.63	20.19	598522
733.69	20.19	598769
733.74	20.19	599016
733.80	20.19	599264
732.84	20.16	599511
732.88	20.16	599758
731.91	20.12	600005
732.97	20.16	600252
731.99	20.12	600499
731.00	20.09	600746
732.05	20.12	600994
732.09	20.12	601241
731.10	20.09	601488
731.13	20.09	601736
732.18	20.12	601983
731.19	20.09	602230
731.22	20.09	602477
731.25	20.09	602724
730.25	20.05	602972
730.27	20.05	603219
729.26	20.02	603466
729.27	20.02	603713
729.27	20.02	603961
729.28	20.02	604208
729.28	20.02	604455
728.27	19.99	604702
728.27	19.99	604949
728.26	19.99	605196
728.26	19.99	605444
727.23	19.95	605691
727.22	19.95	605938
727.20	19.95	606185
727.19	19.95	606432
726.15	19.92	606680
726.13	19.92	606927
726.10	19.92	607174
726.08	19.92	607421
726.05	19.92	607668
725.01	19.89	607916
724.97	19.89	608163
725.96	19.92	608410
724.92	19.89	608657
723.86	19.85	608905
724.84	19.89	609152
722.75	19.82	609399
723.73	19.85	609646
722.66	19.82	609894
722.60	19.82	610141
723.57	19.85	610388
722.50	19.82	610636
721.43	19.78	610883
721.36	19.78	611130
721.30	19.78	611377
721.23	19.78	611624
721.17	19.78	611871
720.08	19.75	612119
720.01	19.75	612366
719.93	19.75	612613
718.83	19.72	612860
718.75	19.72	613107
718.66	19.72	613354
718.58	19.72	613602
718.49	19.72	613849
717.38	19.68	614096
717.29	19.68	614343
717.20	19.68	614590
718.12	19.72	614837
715.99	19.65	615085
715.89	19.65	615332
715.78	19.65	615579
715.68	19.65	615827
714.55	19.62	616074
715.46	19.65	616321
715.35	19.65	616568
714.22	19.62	616816
714.11	19.62	617063
713.99	19.62	617310
712.85	19.58	617557
713.75	19.62	617804
712.61	19.58	618051
712.49	19.58	618299
712.36	19.58	618546
712.24	19.58	618793
712.11	19.58	619040
710.96	19.55	619287
710.83	19.55	619535
710.69	19.55	619782
710.56	19.55	620029
710.42	19.55	620276
710.29	19.55	620523
710.15	19.55	620771
708.99	19.51	621018
708.85	19.51	621265
708.70	19.51	621512
708.56	19.51	621759
708.41	19.51	622006
708.27	19.51	622254
707.09	19.48	622501
707.96	19.51	622748
707.82	19.51	622995
706.65	19.48	623243
706.49	19.48	623490
706.34	19.48	623737
705.16	19.45	623984
706.01	19.48	624232
705.86	19.48	624479
704.68	19.45	624726
704.51	19.45	624974
704.35	19.45	625221
705.21	19.48	625468
704.03	19.45	625715
703.86	19.45	625962
703.70	19.45	626209
702.51	19.41	626456
702.33	19.41	626704
703.18	19.45	626951
701.99	19.41	627198
701.81	19.41	627445
700.62	19.38	627692
701.45	19.41	627940
700.25	19.38	628187
700.07	19.38	628434
700.90	19.41	628681
699.70	19.38	628928
699.52	19.38	629175
698.31	19.35	629422
699.14	19.38	629670
698.95	19.38	629917
698.76	19.38	630164
698.58	19.38	630412
697.37	19.35	630659
698.20	19.38	630906
696.98	19.35	631153
697.81	19.38	631400
696.60	19.35	631647
696.41	19.35	631894
697.23	19.38	632141
696.02	19.35	632389
695.83	19.35	632636
696.66	19.38	632883
695.44	19.35	633130
695.25	19.35	633377
695.05	19.35	633624
694.86	19.35	633871
694.66	19.35	634119
694.46	19.35	634366
695.29	19.38	634613
694.08	19.35	634860
693.88	19.35	635107
694.71	19.38	635355
693.50	19.35	635602
693.31	19.35	635849
694.14	19.38	636096
693.95	19.38	636343
692.74	19.35	636591
693.57	19.38	636838
692.36	19.35	637085
693.18	19.38	637332
693.00	19.38	637580
691.79	19.35	637827
691.59	19.35	638074
692.42	19.38	638321
691.21	19.35	638568
689.99	19.31	638815
690.81	19.35	639063
690.61	19.35	639310
689.39	19.31	639557
689.18	19.31	639804
690.00	19.35	640051
689.80	19.35	640299
688.59	19.31	640546
689.40	19.35	640793
689.20	19.35	641040
689.01	19.35	641287
688.81	19.35	641534
688.62	19.35	641781
687.40	19.31	642028
687.19	19.31	642276
686.98	19.31	642523
687.80	19.35	642770
686.58	19.31	643017
686.38	19.31	643264
686.17	19.31	643511
685.96	19.31	643758
685.76	19.31	644006
685.55	19.31	644253
685.34	19.31	644500
685.14	19.31	644747
684.93	19.31	644994
684.72	19.31	645242
684.52	19.31	645489
683.29	19.28	645736
683.07	19.28	645983
683.88	19.31	646230
682.65	19.28	646477
684.48	19.35	646724
683.26	19.31	646972
683.05	19.31	647219
682.85	19.31	647466
682.64	19.31	647713
682.43	19.31	647960
682.23	19.31	648207
682.02	19.31	648454
681.82	19.31	648701
682.63	19.35	648949
681.41	19.31	649196
681.21	19.31	649443
682.02	19.35	649690
681.83	19.35	649937
681.63	19.35	650184
681.43	19.35	650431
681.24	19.35	650679
682.07	19.38	650926
681.88	19.38	651173
680.67	19.35	651421
681.50	19.38	651668
681.31	19.38	651915
681.13	19.38	652162
681.96	19.41	652409
681.79	19.41	652656
681.61	19.41	652904
680.41	19.38	653151
681.25	19.41	653398
681.07	19.41	653645
680.90	19.41	653893
680.72	19.41	654140
680.54	19.41	654387
680.37	19.41	654634
681.21	19.45	654881
681.05	19.45	655129
680.88	19.45	655376
681.74	19.48	655623
680.56	19.45	655870
681.42	19.48	656117
681.26	19.48	656365
681.11	19.48	656612
680.95	19.48	656859
680.79	19.48	657106
681.66	19.51	657354
681.52	19.51	657601
681.37	19.51	657848
681.23	19.51	658095
681.08	19.51	658342
681.96	19.55	658589
681.82	19.55	658837
680.66	19.51	659084
681.54	19.55	659331
682.43	19.58	659579
681.28	19.55	659826
682.17	19.58	660073
682.04	19.58	660320
681.92	19.58	660568
681.79	19.58	660815
681.67	19.58	661063
681.54	19.58	661310
681.42	19.58	661557
682.31	19.62	661804
682.20	19.62	662051
683.11	19.65	662298
683.00	19.65	662545
682.90	19.65	662793
681.77	19.62	663040
681.65	19.62	663287
682.56	19.65	663534
682.46	19.65	663782
681.33	19.62	664029
681.21	19.62	664276
682.12	19.65	664523
683.04	19.68	664770
682.94	19.68	665018
681.83	19.65	665265
682.74	19.68	665512
683.67	19.72	665759
682.56	19.68	666007
682.47	19.68	666254
682.37	19.68	666501
682.28	19.68	666748
683.21	19.72	666995
683.12	19.72	667243
683.04	19.72	667490
682.95	19.72	667737
682.87	19.72	667984
682.78	19.72	668231
682.70	19.72	668479
682.61	19.72	668726
683.55	19.75	668973
683.48	19.75	669220
683.40	19.75	669467
683.33	19.75	669714
683.25	19.75	669962
683.18	19.75	670209
684.13	19.78	670456
683.04	19.75	670704
683.99	19.78	670951
683.92	19.78	671198
683.86	19.78	671445
683.80	19.78	671692
684.75	19.82	671939
684.70	19.82	672186
683.62	19.78	672434
683.56	19.78	672681
684.51	19.82	672929
683.44	19.78	673176
684.40	19.82	673423
684.34	19.82	673670
684.29	19.82	673917
685.26	19.85	674164
684.19	19.82	674411
685.16	19.85	674658
685.12	19.85	674906
685.07	19.85	675153
684.00	19.82	675401
684.97	19.85	675648
685.95	19.89	675895
683.87	19.82	676143
685.86	19.89	676390
684.81	19.85	676637
684.76	19.85	676884
684.72	19.85	677131
684.67	19.85	677378
685.65	19.89	677625
685.62	19.89	677873
686.60	19.92	678120
685.56	19.89	678367
685.52	19.89	678614
685.49	19.89	678862
684.43	19.85	679109
685.41	19.89	679356
685.38	19.89	679603
685.34	19.89	679850
686.33	19.92	680097
686.31	19.92	680345
685.26	19.89	680592
686.25	19.92	680839
685.20	19.89	681086
686.19	19.92	681333
686.17	19.92	681581
686.14	19.92	681828
686.12	19.92	682075
686.10	19.92	682322
686.07	19.92	682569
687.07	19.95	682817
687.06	19.95	683064
686.02	19.92	683311
687.02	19.95	683558
687.01	19.95	683805
688.02	19.99	684053
686.99	19.95	684300
686.98	19.95	684547
686.96	19.95	684794
687.97	19.99	685041
687.97	19.99	685289
686.94	19.95	685536
687.95	19.99	685783
686.92	19.95	686030
687.93	19.99	686277
687.93	19.99	686524
687.92	19.99	686772
687.92	19.99	687019
687.92	19.99	687266
687.91	19.99	687513
687.91	19.99	687761
687.91	19.99	688008
687.90	19.99	688255
687.90	19.99	688502
688.92	20.02	688750
688.92	20.02	688997
688.93	20.02	689244
688.94	20.02	689492
688.94	20.02	689739
688.95	20.02	689986
688.95	20.02	690233
689.98	20.05	690481
688.98	20.02	690728
690.01	20.05	690975
690.02	20.05	691222
690.04	20.05	691469
690.06	20.05	691716
690.07	20.05	691963
690.09	20.05	692210
690.11	20.05	692458
690.12	20.05	692705
690.14	20.05	692952
690.15	20.05	693199
689.15	20.02	693446
690.18	20.05	693693
690.19	20.05	693940
691.24	20.09	694188
690.24	20.05	694435
690.25	20.05	694682
690.27	20.05	694929
690.29	20.05	695176
690.30	20.05	695423
691.35	20.09	695670
691.37	20.09	695917
690.37	20.05	696165
691.42	20.09	696412
690.42	20.05	696659
691.46	20.09	696906
691.49	20.09	697153
691.51	20.09	697401
691.54	20.09	697648
691.57	20.09	697895
691.59	20.09	698142
691.62	20.09	698389
691.64	20.09	698637
691.67	20.09	698884
692.72	20.12	699131
692.76	20.12	699378
692.79	20.12	699625
692.83	20.12	699872
692.87	20.12	700120
692.90	20.12	700367
692.94	20.12	700614
692.98	20.12	700861
694.04	20.16	701108
693.06	20.12	701355
693.10	20.12	701602
694.16	20.16	701850
694.20	20.16	702097
694.25	20.16	702344
694.30	20.16	702591
693.32	20.12	702838
693.36	20.12	703085
694.42	20.16	703332
694.47	20.16	703579
695.54	20.19	703827
695.59	20.19	704074
695.65	20.19	704322
694.68	20.16	704569
694.73	20.16	704816
695.80	20.19	705063
694.83	20.16	705310
695.90	20.19	705557
695.96	20.19	705804
696.02	20.19	706051
696.08	20.19	706299
696.13	20.19	706546
696.19	20.19	706793
695.22	20.16	707041
696.29	20.19	707288
696.35	20.19	707535
696.41	20.19	707782
696.46	20.19	708029
695.50	20.16	708276
695.55	20.16	708523
696.62	20.19	708770
696.67	20.19	709018
697.76	20.22	709265
697.82	20.22	709512
697.89	20.22	709759
697.96	20.22	710006
698.02	20.22	710254
697.07	20.19	710501
697.12	20.19	710748
697.18	20.19	710995
698.26	20.22	711242
698.33	20.22	711490
698.40	20.22	711737
697.44	20.19	711984
698.52	20.22	712231
698.59	20.22	712478
697.63	20.19	712725
698.71	20.22	712972
698.78	20.22	713219
698.85	20.22	713467
699.94	20.26	713714
698.99	20.22	713961
699.06	20.22	714208
699.13	20.22	714455
700.21	20.26	714702
700.29	20.26	714950
700.37	20.26	715197
699.42	20.22	715444
700.51	20.26	715691
700.59	20.26	715939
700.67	20.26	716186
700.75	20.26	716433
699.80	20.22	716680
700.89	20.26	716927
700.97	20.26	717175
701.05	20.26	717423
702.14	20.29	717670
701.21	20.26	717917
701.29	20.26	718164
701.36	20.26	718411
702.46	20.29	718659
702.55	20.29	718906
702.64	20.29	719153
701.70	20.26	719400
702.80	20.29	719649
702.89	20.29	719896
704.00	20.33	720143
703.08	20.29	720390
703.16	20.29	720638
703.25	20.29	720885
704.36	20.33	721132
703.44	20.29	721379
703.52	20.29	721626
704.64	20.33	721873
703.71	20.29	722120
703.80	20.29	722367
703.88	20.29	722615
703.97	20.29	722862
704.06	20.29	723109
705.17	20.33	723356
705.27	20.33	723604
705.37	20.33	723851
705.46	20.33	724098
704.54	20.29	724345
705.65	20.33	724592
705.75	20.33	724840
704.82	20.29	725087
704.91	20.29	725334
706.02	20.33	725581
706.12	20.33	725828
706.21	20.33	726076
706.31	20.33	726323
706.41	20.33	726570
706.51	20.33	726817
706.60	20.33	727064
706.70	20.33	727311
705.77	20.29	727559
706.89	20.33	727806
706.98	20.33	728053
707.08	20.33	728300
707.18	20.33	728547
707.28	20.33	728794
707.38	20.33	729042
707.47	20.33	729289
707.57	20.33	729536
707.67	20.33	729783
707.77	20.33	730031
708.89	20.36	730278
707.97	20.33	730525
707.04	20.29	730772
708.16	20.33	731019
708.25	20.33	731266
709.37	20.36	731513
708.46	20.33	731760
709.58	20.36	732008
709.69	20.36	732255
709.79	20.36	732502
709.90	20.36	732750
710.01	20.36	732997
710.12	20.36	733244
710.23	20.36	733491
710.33	20.36	733738
709.42	20.33	733985
710.54	20.36	734232
710.65	20.36	734480
710.75	20.36	734727
710.86	20.36	734974
710.97	20.36	735222
710.05	20.33	735469
711.17	20.36	735716
710.26	20.33	735963
711.38	20.36	736210
711.49	20.36	736457
710.57	20.33	736704
710.67	20.33	736951
711.79	20.36	737199
711.90	20.36	737446
710.98	20.33	737693
711.08	20.33	737940
711.18	20.33	738187
711.28	20.33	738434
712.40	20.36	738682
711.48	20.33	738929
711.58	20.33	739176
711.68	20.33	739423
711.77	20.33	739670
711.87	20.33	739917
710.94	20.29	740165
712.06	20.33	740412
711.13	20.29	740659
713.26	20.36	740906
712.35	20.33	741153
712.45	20.33	741400
712.54	20.33	741648
712.64	20.33	741895
712.74	20.33	742142
712.84	20.33	742389
712.93	20.33	742637
714.05	20.36	742884
713.14	20.33	743131
713.24	20.33	743378
713.34	20.33	743625
712.41	20.29	743872
713.52	20.33	744120
713.62	20.33	744367
713.72	20.33	744614
713.81	20.33	744861
713.91	20.33	745108
712.98	20.29	745356
713.07	20.29	745603
713.16	20.29	745850
712.22	20.26	746097
713.32	20.29	746344
713.41	20.29	746592
712.47	20.26	746839
712.55	20.26	747086
712.63	20.26	747333
712.71	20.26	747580
714.83	20.33	747828
712.88	20.26	748075
712.96	20.26	748322
713.04	20.26	748569
713.11	20.26	748816
714.21	20.29	749064
714.30	20.29	749311
712.34	20.22	749558
713.43	20.26	749805
713.51	20.26	750052
714.61	20.29	750299
714.70	20.29	750547
714.78	20.29	750794
712.83	20.22	751041
712.89	20.22	751288
712.96	20.22	751535
714.05	20.26	751783
713.11	20.22	752030
713.17	20.22	752277
713.24	20.22	752524
713.31	20.22	752771
713.37	20.22	753018
713.44	20.22	753265
714.53	20.26	753512
713.59	20.22	753760
713.65	20.22	754007
712.69	20.19	754254
713.78	20.22	754501
714.87	20.26	754749
714.94	20.26	754996
714.00	20.22	755243
714.07	20.22	755490
714.13	20.22	755737
713.18	20.19	755984
714.26	20.22	756231
713.30	20.19	756478
713.36	20.19	756726
714.44	20.22	756973
713.48	20.19	757220
713.54	20.19	757467
713.59	20.19	757714
714.68	20.22	757962
713.72	20.19	758209
713.78	20.19	758456
713.83	20.19	758703
713.89	20.19	758951
713.95	20.19	759198
714.00	20.19	759445
714.06	20.19	759692
713.10	20.16	759939
714.16	20.19	760187
714.22	20.19	760434
714.28	20.19	760681
714.34	20.19	760928
714.39	20.19	761176
713.43	20.16	761423
713.47	20.16	761670
713.52	20.16	761917
713.57	20.16	762164
713.62	20.16	762411
714.68	20.19	762658
713.72	20.16	762905
712.74	20.12	763153
713.80	20.16	763400
714.87	20.19	763647
712.88	20.12	763895
712.92	20.12	764142
713.98	20.16	764389
713.00	20.12	764636
713.04	20.12	764883
713.08	20.12	765130
714.14	20.16	765377
713.16	20.12	765625
713.20	20.12	765872
713.24	20.12	766119
713.27	20.12	766367
713.31	20.12	766615
713.35	20.12	766862
713.38	20.12	767109
713.42	20.12	767357
713.46	20.12	767604
712.47	20.09	767851
712.47	20.12	768171
712.47	20.12	768491
712.47	20.12	768812
712.47	20.12	769132
712.47	20.12	769452
712.47	20.09	769773
712.47	20.16	770093
712.47	20.12	770413
712.47	20.12	770734
712.47	20.12	771054
712.47	20.12	771375
712.47	20.12	771695
712.47	20.16	772015
712.47	20.12	772336
712.47	20.12	772656
712.47	20.12	772976
712.47	20.12	773296
712.47	20.12	773618
712.47	20.16	773938
712.47	20.16	774259
712.47	20.12	774579
712.47	20.16	774900
712.47	20.16	775220
712.47	20.16	775541
712.47	20.16	775862
712.47	20.16	776182
712.47	20.16	776502
712.47	20.16	776822
712.47	20.16	777143
712.47	20.16	777463
712.47	20.16	777784
712.47	20.16	778105
712.47	20.19	778425
712.47	20.19	778745
712.47	20.19	779065
712.47	20.16	779386
712.47	20.19	779706
712.47	20.19	780026
712.47	20.19	780348
712.47	20.22	780668
712.47	20.19	780988
712.47	20.19	781309
712.47	20.19	781629
712.47	20.22	781951
712.47	20.22	782271
712.47	20.22	782592
712.47	20.26	782912
712.47	20.22	783233
712.47	20.22	783553
712.47	20.22	783873
712.47	20.26	784193
712.47	20.22	784514
712.47	20.22	784835
712.47	20.22	785155
712.47	20.22	785476
712.47	20.26	785796
712.47	20.22	786116
712.47	20.26	786438
712.47	20.26	786758
712.47	20.26	787078
712.47	20.26	787399
712.47	20.26	787719
712.47	20.22	788039
712.47	20.29	788359
712.47	20.26	788680
712.47	20.26	789000
712.47	20.26	789320
712.47	20.26	789641
712.47	20.26	789961
712.47	20.26	790281
712.47	20.29	790602
712.47	20.26	790922
712.47	20.26	791243
712.47	20.29	791564
712.47	20.26	791884
712.47	20.29	792204
712.47	20.29	792524
712.47	20.29	792845
712.47	20.29	793166
712.47	20.29	793486
712.47	20.29	793807
712.47	20.29	794127
712.47	20.29	794447
712.47	20.29	794768
712.47	20.29	795088
712.47	20.33	795409
712.47	20.33	795730
712.47	20.36	796050
712.47	20.29	796370
712.47	20.33	796691
712.47	20.33	797011
712.47	20.36	797331
712.47	20.36	797652
712.47	20.36	797972
712.47	20.36	798293
712.47	20.36	798613
712.47	20.39	798934
712.47	20.39	799254
712.47	20.39	799574
712.47	20.39	799895
712.47	20.39	800215
712.47	20.43	800536
712.47	20.39	800857
712.47	20.43	801177
712.47	20.46	801498
712.47	20.43	801818
712.47	20.43	802139
712.47	20.46	802459
712.47	20.46	802780
712.47	20.46	803100
712.47	20.49	803420
712.47	20.49	803740
712.47	20.46	804061
712.47	20.49	804381
712.47	20.49	804701
712.47	20.49	805023
712.47	20.49	805343
712.47	20.49	805663
712.47	20.53	805984
712.47	20.53	806304
712.47	20.56	806624
712.47	20.56	806945
712.47	20.56	807265
712.47	20.56	807585
712.47	20.56	807905
712.47	20.60	808226
