850.00	70.18	160771
850.00	70.15	161019
850.00	70.18	161266
850.00	70.18	161513
850.00	70.22	161760
850.00	70.18	162007
850.00	70.22	162255
850.00	70.22	162502
850.00	70.22	162749
850.00	70.22	162996
850.00	70.25	163243
850.00	70.25	163490
850.00	70.25	163737
850.00	70.25	163985
850.00	70.25	164232
850.00	70.28	164479
850.00	70.28	164726
850.00	70.25	164973
850.00	70.28	165220
850.00	70.32	165467
850.00	70.32	165715
850.00	70.28	165962
850.00	70.28	166209
850.00	70.32	166456
850.00	70.28	166703
850.00	70.32	166950
850.00	70.32	167198
850.00	70.32	167445
850.00	70.32	167692
850.00	70.35	167939
850.00	70.32	168186
850.00	70.35	168434
850.00	70.35	168681
850.00	70.35	168928
850.00	70.39	169176
850.00	70.35	169423
850.00	70.35	169670
850.00	70.39	169917
850.00	70.39	170164
850.00	70.39	170411
850.00	70.39	170658
850.00	70.39	170906
850.00	70.39	171153
850.00	70.39	171400
850.00	70.42	171647
850.00	70.39	171894
850.00	70.39	172142
850.00	70.39	172389
850.00	70.42	172636
850.00	70.39	172883
850.00	70.39	173130
850.00	70.42	173377
850.00	70.42	173624
850.00	70.42	173871
850.00	70.42	174119
850.00	70.42	174366
850.00	70.42	174613
850.00	70.39	174860
850.00	70.39	175107
850.00	70.39	175354
850.00	70.39	175602
850.00	70.35	175849
850.00	70.32	176097
850.00	70.32	176344
850.00	70.32	176591
850.00	70.28	176838
850.00	70.22	177085
850.00	70.25	177333
850.00	70.18	177580
850.00	70.18	177827
850.00	70.15	178074
850.00	70.08	178321
850.00	70.08	178569
850.00	70.01	178816
850.00	69.98	179063
850.00	69.94	179310
850.00	69.87	179557
850.00	69.80	179804
850.00	69.77	180051
850.00	69.74	180298
850.00	69.70	180546
850.00	69.63	180793
850.00	69.60	181040
850.00	69.50	181287
850.00	69.43	181535
850.00	69.39	181782
850.00	69.32	182029
850.00	69.26	182276
850.00	69.19	182523
850.00	69.08	182770
850.00	69.02	183017
850.00	68.91	183265
850.00	68.84	183512
850.00	68.78	183759
850.00	68.67	184006
850.00	68.57	184253
850.00	68.47	184500
850.00	68.30	184748
850.00	68.16	184995
850.00	67.99	185242
850.00	67.78	185489
850.00	67.64	185737
850.00	67.51	185984
850.00	67.37	186231
850.00	67.17	186478
850.00	67.03	186726
850.00	66.79	186973
850.00	66.65	187220
850.00	66.48	187467
850.00	66.34	187714
850.00	66.21	187962
850.00	66.00	188209
850.00	65.83	188456
850.00	65.62	188703
850.00	65.38	188951
850.00	65.18	189198
850.00	64.97	189445
850.00	64.77	189692
850.00	64.60	189939
850.00	64.36	190187
850.00	64.19	190434
850.00	64.02	190681
850.00	63.81	190928
850.00	63.64	191175
850.00	63.47	191423
850.00	63.26	191670
850.00	63.09	191917
850.00	62.92	192164
850.00	62.71	192411
850.00	62.51	192659
850.00	62.27	192906
850.00	62.00	193153
850.00	61.76	193400
850.00	61.52	193648
850.00	61.24	193895
850.00	61.00	194142
850.00	60.77	194389
850.00	60.56	194636
850.00	60.32	194884
850.00	60.12	195131
850.00	59.91	195378
850.00	59.71	195625
850.00	59.53	195873
850.00	59.33	196120
850.00	59.16	196367
850.00	58.99	196614
850.00	58.82	196861
850.00	58.65	197109
850.00	58.48	197356
850.00	58.27	197603
850.00	58.10	197850
850.00	57.86	198098
850.00	57.69	198345
850.00	57.42	198592
850.00	57.21	198839
850.00	57.01	199087
850.00	56.77	199335
850.00	56.53	199582
850.00	56.26	199830
850.00	56.05	200077
850.00	55.81	200324
850.00	55.54	200571
850.00	55.30	200818
850.00	55.03	201066
850.00	54.72	201313
850.00	54.45	201560
850.00	54.14	201807
850.00	53.83	202055
850.00	53.53	202302
850.00	53.22	202549
850.00	52.95	202796
850.00	52.64	203043
850.00	52.37	203291
850.00	52.09	203538
850.00	51.79	203785
850.00	51.48	204032
850.00	51.21	204279
850.00	50.90	204526
850.00	50.63	204773
850.00	50.35	205021
850.00	50.08	205268
850.00	49.81	205515
850.00	49.57	205762
850.00	49.33	206009
850.00	49.06	206257
850.00	48.85	206505
850.00	48.58	206752
850.00	48.38	206999
850.00	48.10	207247
850.00	47.90	207494
850.00	47.66	207742
850.00	47.42	207989
850.00	47.25	208236
850.00	46.98	208483
850.00	46.78	208730
850.00	46.57	208977
850.00	46.37	209225
850.00	46.13	209472
850.00	45.93	209719
850.00	45.72	209966
850.00	45.55	210214
850.00	45.31	210461
850.00	45.14	210708
850.00	44.90	210955
850.00	44.73	211202
850.00	44.50	211449
850.00	44.26	211696
850.00	44.12	211944
850.00	43.92	212191
850.00	43.75	212438
850.00	43.58	212685
850.00	43.34	212932
850.00	43.17	213179
850.00	43.00	213427
850.00	42.83	213674
850.00	42.63	213921
850.00	42.46	214168
850.00	42.29	214415
850.00	42.15	214662
850.00	41.95	214910
850.00	41.81	215157
850.00	41.64	215404
850.00	41.47	215652
850.00	41.33	215899
850.00	41.20	216146
850.00	40.99	216393
850.00	40.86	216641
850.00	40.72	216888
850.00	40.55	217135
850.00	40.38	217383
850.00	40.25	217630
850.00	40.08	217877
850.00	39.94	218124
850.00	39.80	218371
850.00	39.63	218618
850.00	39.50	218866
850.00	39.33	219113
850.00	39.16	219360
850.00	39.06	219607
850.00	38.89	219855
850.00	38.75	220102
850.00	38.58	220349
850.00	38.41	220596
850.00	38.28	220844
850.00	38.14	221091
850.00	38.00	221339
850.00	37.87	221586
850.00	37.77	221833
850.00	37.63	222080
850.00	37.50	222328
850.00	37.39	222575
850.00	37.22	222822
850.00	37.12	223069
850.00	36.99	223316
850.00	36.82	223563
850.00	36.75	223810
850.00	36.58	224058
850.00	36.44	224305
850.00	36.34	224553
850.00	36.21	224800
850.00	36.10	225047
850.00	35.97	225294
850.00	35.83	225541
850.00	35.70	225788
850.00	35.56	226035
850.00	35.46	226283
850.00	35.32	226530
850.00	35.22	226777
850.00	35.09	227024
850.00	34.95	227271
850.00	34.81	227518
850.00	34.71	227766
850.00	34.61	228013
850.00	34.54	228260
850.00	34.37	228507
850.00	34.27	228754
850.00	34.14	229001
850.00	34.03	229249
850.00	33.90	229496
850.00	33.80	229743
850.00	33.69	229990
850.00	33.59	230237
850.00	33.49	230484
850.00	33.39	230731
850.00	33.32	230979
850.00	33.22	231226
850.00	33.12	231473
850.00	33.02	231721
850.00	32.91	231968
850.00	32.81	232215
850.00	32.71	232462
850.00	32.61	232709
850.00	32.51	232956
850.00	32.44	233203
850.00	32.34	233451
850.00	32.24	233698
850.00	32.13	233946
850.00	32.07	234193
850.00	31.97	234440
850.00	31.86	234687
850.00	31.80	234934
850.00	31.69	235181
850.00	31.59	235428
850.00	31.52	235675
850.00	31.46	235923
850.00	31.36	236170
850.00	31.29	236418
850.00	31.19	236665
850.00	31.12	236912
850.00	31.02	237159
850.00	30.91	237406
850.00	30.85	237653
850.00	30.75	237900
850.00	30.64	238148
850.00	30.58	238395
850.00	30.47	238642
850.00	30.37	238889
850.00	30.27	239137
850.00	30.20	239384
850.00	30.10	239631
850.00	30.03	239878
850.00	29.90	240125
850.00	29.83	240373
850.00	29.73	240620
850.00	29.66	240867
850.00	29.56	241114
850.00	29.49	241362
850.00	29.39	241609
850.00	29.29	241856
850.00	29.22	242103
850.00	29.12	242350
850.00	29.05	242597
850.00	28.92	242844
850.00	28.88	243092
850.00	28.78	243339
850.00	28.68	243586
850.00	28.61	243833
850.00	28.54	244080
850.00	28.48	244327
850.00	28.37	244574
850.00	28.34	244821
850.00	28.27	245069
850.00	28.21	245316
850.00	28.14	245563
850.00	28.07	245811
850.00	28.00	246058
850.00	27.90	246305
850.00	27.90	246552
850.00	27.80	246799
850.00	27.73	247047
850.00	27.66	247294
850.00	27.60	247541
850.00	27.53	247788
850.00	27.46	248036
850.00	27.43	248283
850.00	27.32	248530
850.00	27.26	248777
850.00	27.22	249024
850.00	27.16	249271
850.00	27.05	249518
850.00	27.02	249766
850.00	26.95	250013
850.00	26.88	250260
850.00	26.85	250508
850.00	26.82	250755
850.00	26.75	251002
850.00	26.68	251249
850.00	26.65	251496
850.00	26.58	251743
850.00	26.55	251990
850.00	26.48	252238
850.00	26.44	252485
850.00	26.38	252732
850.00	26.34	252979
850.00	26.28	253226
850.00	26.24	253474
850.00	26.17	253721
850.00	26.17	253968
850.00	26.11	254215
850.00	26.07	254462
850.00	26.00	254709
850.00	25.97	254957
850.00	25.94	255204
850.00	25.87	255451
850.00	25.80	255698
850.00	25.80	255946
850.00	25.73	256193
850.00	25.67	256440
850.00	25.60	256687
850.00	25.57	256934
850.00	25.53	257181
850.00	25.50	257429
850.00	25.43	257676
850.00	25.40	257923
850.00	25.33	258170
850.00	25.33	258418
850.00	25.23	258665
850.00	25.23	258912
850.00	25.16	259159
850.00	25.13	259406
850.00	25.06	259654
850.00	25.02	259901
850.00	24.99	260148
850.00	24.92	260395
850.00	24.89	260642
850.00	24.85	260890
850.00	24.79	261137
850.00	24.72	261384
850.00	24.72	261631
850.00	24.69	261878
850.00	24.65	262126
850.00	24.62	262373
850.00	24.58	262620
850.00	24.52	262868
850.00	24.52	263115
850.00	24.48	263362
850.00	24.41	263609
850.00	24.41	263856
850.00	24.38	264103
850.00	24.31	264350
850.00	24.31	264598
850.00	24.25	264845
850.00	24.25	265092
850.00	24.21	265339
850.00	24.14	265586
850.00	24.14	265833
850.00	24.08	266080
850.00	24.08	266328
850.00	24.01	266575
850.00	24.01	266822
850.00	23.94	267069
850.00	23.94	267317
850.00	23.91	267564
850.00	23.87	267811
850.00	23.84	268058
850.00	23.84	268305
850.00	23.81	268553
850.00	23.77	268800
850.00	23.74	269048
850.00	23.70	269295
850.00	23.70	269542
850.00	23.64	269790
850.00	23.64	270037
850.00	23.60	270284
850.00	23.57	270531
850.00	23.50	270778
850.00	23.54	271025
850.00	23.50	271272
850.00	23.47	271520
850.00	23.43	271767
850.00	23.40	272014
850.00	23.37	272262
850.00	23.37	272509
850.00	23.30	272756
850.00	23.27	273003
850.00	23.23	273251
850.00	23.23	273498
850.00	23.20	273745
850.00	23.16	273992
850.00	23.10	274240
850.00	23.10	274487
850.00	23.06	274734
850.00	23.03	274981
850.00	22.99	275228
850.00	22.99	275475
850.00	22.96	275722
850.00	22.96	275970
850.00	22.89	276217
850.00	22.86	276464
850.00	22.83	276712
850.00	22.83	276959
850.00	22.79	277206
850.00	22.76	277453
850.00	22.72	277700
850.00	22.69	277947
850.00	22.69	278194
850.00	22.66	278442
850.00	22.66	278689
850.00	22.62	278936
850.00	22.59	279183
850.00	22.56	279431
850.00	22.52	279678
850.00	22.52	279925
850.00	22.49	280172
850.00	22.49	280419
850.00	22.45	280667
850.00	22.42	280914
850.00	22.35	281161
850.00	22.35	281408
850.00	22.35	281656
850.00	22.32	281903
850.00	22.29	282150
850.00	22.25	282397
850.00	22.25	282644
849.66	22.22	282891
849.71	22.22	283139
848.77	22.18	283386
847.82	22.15	283633
846.88	22.12	283881
845.95	22.08	284128
845.03	22.05	284375
845.10	22.05	284622
844.16	22.01	284869
844.23	22.01	285116
843.28	21.98	285363
842.35	21.95	285611
841.41	21.91	285858
841.48	21.91	286105
840.53	21.88	286352
839.59	21.85	286599
839.66	21.85	286847
838.71	21.81	287094
838.77	21.81	287341
837.82	21.78	287588
836.88	21.74	287835
835.94	21.71	288083
836.00	21.71	288330
835.06	21.68	288577
834.12	21.64	288825
834.18	21.64	289072
833.24	21.61	289319
831.30	21.54	289566
831.38	21.54	289813
831.45	21.54	290060
830.50	21.51	290307
830.56	21.51	290555
828.62	21.44	290802
828.68	21.44	291050
828.74	21.44	291297
827.79	21.41	291544
826.84	21.37	291791
826.90	21.37	292038
825.95	21.34	292285
826.00	21.34	292532
825.05	21.30	292779
824.10	21.27	293027
823.17	21.24	293274
823.23	21.24	293521
823.28	21.24	293768
822.33	21.20	294016
821.38	21.17	294263
821.43	21.17	294510
821.48	21.17	294757
820.52	21.14	295005
819.57	21.10	295252
819.62	21.10	295499
818.66	21.07	295746
818.71	21.07	295994
818.75	21.07	296241
817.79	21.03	296488
817.83	21.03	296735
815.87	20.97	296982
816.92	21.00	297230
815.96	20.97	297477
815.00	20.93	297724
815.05	20.93	297971
815.09	20.93	298219
814.13	20.90	298466
814.18	20.90	298713
814.21	20.90	298960
813.24	20.87	299207
812.28	20.83	299454
811.33	20.80	299701
811.38	20.80	299948
811.43	20.80	300196
810.47	20.76	300443
810.51	20.76	300691
810.55	20.76	300938
809.59	20.73	301185
809.62	20.73	301432
807.67	20.66	301679
808.72	20.70	301926
807.75	20.66	302174
806.80	20.63	302421
806.85	20.63	302668
805.89	20.60	302915
805.94	20.60	303162
804.99	20.56	303410
806.03	20.60	303657
804.06	20.53	303904
804.11	20.53	304152
804.15	20.53	304399
803.18	20.49	304646
803.23	20.49	304893
802.26	20.46	305141
802.31	20.46	305388
801.35	20.43	305635
801.39	20.43	305883
800.43	20.39	306130
801.47	20.43	306377
800.50	20.39	306624
799.53	20.36	306871
800.57	20.39	307118
800.58	20.39	307365
799.60	20.36	307612
799.63	20.36	307860
799.64	20.36	308107
798.66	20.33	308354
798.69	20.33	308601
797.72	20.29	308848
798.75	20.33	309095
797.77	20.29	309342
797.79	20.29	309590
797.82	20.29	309837
796.84	20.26	310084
795.88	20.22	310332
795.92	20.22	310579
795.95	20.22	310826
795.98	20.22	311073
795.00	20.19	311320
795.04	20.19	311568
795.06	20.19	311815
794.09	20.16	312062
794.13	20.16	312309
794.15	20.16	312556
794.17	20.16	312804
793.19	20.12	313051
792.23	20.09	313298
792.27	20.09	313545
792.30	20.09	313792
792.33	20.09	314039
791.36	20.05	314286
792.39	20.09	314534
791.40	20.05	314781
791.42	20.05	315028
790.45	20.02	315276
790.48	20.02	315523
790.50	20.02	315770
789.52	19.99	316017
789.55	19.99	316264
789.58	19.99	316511
788.59	19.95	316759
788.61	19.95	317006
787.62	19.92	317253
786.63	19.89	317501
786.64	19.89	317748
786.65	19.89	317995
786.65	19.89	318242
785.64	19.85	318489
785.63	19.85	318736
784.61	19.82	318984
784.59	19.82	319231
784.57	19.82	319478
783.53	19.78	319725
783.51	19.78	319972
783.47	19.78	320220
783.43	19.78	320467
783.38	19.78	320714
783.33	19.78	320961
782.27	19.75	321208
782.22	19.75	321455
781.16	19.72	321702
782.11	19.75	321950
781.04	19.72	322197
780.98	19.72	322444
780.91	19.72	322691
779.84	19.68	322938
778.77	19.65	323185
778.71	19.65	323432
779.64	19.68	323679
779.55	19.68	323927
779.47	19.68	324174
778.37	19.65	324421
778.29	19.65	324668
777.19	19.62	324916
776.10	19.58	325163
777.01	19.62	325410
776.92	19.62	325657
775.81	19.58	325904
775.72	19.58	326151
775.61	19.58	326399
775.51	19.58	326646
774.39	19.55	326893
774.28	19.55	327140
774.17	19.55	327387
774.05	19.55	327635
772.92	19.51	327882
772.80	19.51	328129
772.68	19.51	328376
772.55	19.51	328623
771.42	19.48	328870
771.29	19.48	329117
771.15	19.48	329364
770.01	19.45	329612
770.88	19.48	329859
769.73	19.45	330106
769.59	19.45	330353
769.44	19.45	330600
769.29	19.45	330847
769.13	19.45	331094
767.97	19.41	331342
767.82	19.41	331589
767.66	19.41	331836
767.50	19.41	332084
767.34	19.41	332331
766.17	19.38	332578
765.00	19.35	332825
764.84	19.35	333072
764.67	19.35	333319
764.50	19.35	333567
763.32	19.31	333814
763.15	19.31	334061
761.97	19.28	334308
761.79	19.28	334555
761.60	19.28	334802
760.40	19.24	335050
760.21	19.24	335297
760.01	19.24	335544
758.81	19.21	335791
757.60	19.18	336038
757.40	19.18	336285
757.19	19.18	336532
756.97	19.18	336780
755.74	19.14	337027
755.52	19.14	337274
755.29	19.14	337521
754.05	19.11	337768
754.82	19.14	338015
753.57	19.11	338262
753.33	19.11	338510
753.08	19.11	338757
751.82	19.08	339004
751.57	19.08	339251
751.32	19.08	339498
751.06	19.08	339745
750.79	19.08	339993
749.52	19.04	340240
749.26	19.04	340487
748.99	19.04	340734
748.72	19.04	340981
748.45	19.04	341228
748.17	19.04	341476
747.89	19.04	341723
747.61	19.04	341970
746.32	19.01	342218
746.04	19.01	342465
745.76	19.01	342712
746.48	19.04	342959
744.18	18.97	343206
743.90	18.97	343453
743.61	18.97	343700
743.32	18.97	343948
743.03	18.97	344195
742.74	18.97	344442
741.43	18.94	344689
742.15	18.97	344936
741.84	18.97	345183
739.53	18.91	345430
740.23	18.94	345678
738.92	18.91	345925
739.62	18.94	346172
738.31	18.91	346419
738.00	18.91	346666
737.69	18.91	346914
736.37	18.87	347161
735.06	18.84	347408
735.75	18.87	347655
734.42	18.84	347903
734.10	18.84	348150
733.78	18.84	348397
733.45	18.84	348645
733.12	18.84	348892
732.78	18.84	349139
731.44	18.81	349386
732.10	18.84	349633
730.75	18.81	349880
730.41	18.81	350127
730.06	18.81	350374
729.72	18.81	350622
728.36	18.77	350869
728.02	18.77	351117
726.66	18.74	351364
726.32	18.74	351611
725.97	18.74	351858
725.61	18.74	352105
725.25	18.74	352352
724.89	18.74	352599
724.52	18.74	352846
724.15	18.74	353094
723.78	18.74	353341
722.39	18.70	353588
722.02	18.70	353835
721.65	18.70	354082
720.27	18.67	354329
719.89	18.67	354576
719.52	18.67	354823
719.14	18.67	355071
717.76	18.64	355318
716.37	18.60	355565
718.00	18.67	355813
716.60	18.64	356060
716.20	18.64	356307
715.81	18.64	356554
715.40	18.64	356801
714.00	18.60	357048
714.60	18.64	357295
713.19	18.60	357543
712.79	18.60	357790
712.38	18.60	358037
712.98	18.64	358285
711.56	18.60	358532
711.15	18.60	358779
710.73	18.60	359026
710.32	18.60	359273
710.91	18.64	359520
708.48	18.57	359767
709.07	18.60	360015
708.66	18.60	360262
708.24	18.60	360510
707.82	18.60	360757
707.40	18.60	361004
705.98	18.57	361251
706.57	18.60	361498
705.14	18.57	361745
704.73	18.57	361993
705.32	18.60	362240
703.89	18.57	362487
703.47	18.57	362734
703.05	18.57	362982
702.63	18.57	363229
701.20	18.54	363476
701.78	18.57	363723
701.36	18.57	363970
699.92	18.54	364217
699.50	18.54	364464
700.08	18.57	364712
698.64	18.54	364959
698.21	18.54	365206
696.78	18.50	365453
698.36	18.57	365700
695.91	18.50	365947
695.48	18.50	366195
695.05	18.50	366442
694.62	18.50	366689
693.18	18.47	366936
692.74	18.47	367184
693.31	18.50	367431
691.86	18.47	367678
692.42	18.50	367925
690.96	18.47	368172
691.52	18.50	368420
690.06	18.47	368667
689.61	18.47	368914
689.16	18.47	369161
688.70	18.47	369408
687.24	18.43	369656
686.80	18.43	369903
687.35	18.47	370150
685.89	18.43	370397
685.43	18.43	370644
684.97	18.43	370892
684.51	18.43	371139
685.05	18.47	371386
683.58	18.43	371633
683.12	18.43	371880
681.65	18.40	372127
682.19	18.43	372375
680.72	18.40	372622
682.26	18.47	372869
681.78	18.47	373116
680.30	18.43	373363
679.84	18.43	373610
678.37	18.40	373858
678.91	18.43	374105
678.43	18.43	374352
677.96	18.43	374599
677.49	18.43	374846
676.02	18.40	375094
675.56	18.40	375341
676.10	18.43	375588
674.62	18.40	375836
675.15	18.43	376083
674.67	18.43	376330
673.20	18.40	376577
673.73	18.43	376824
672.25	18.40	377072
672.78	18.43	377319
671.30	18.40	377566
670.83	18.40	377813
671.36	18.43	378061
670.88	18.43	378308
670.41	18.43	378556
668.93	18.40	378803
669.46	18.43	379050
667.98	18.40	379297
668.51	18.43	379544
668.03	18.43	379792
667.56	18.43	380039
667.08	18.43	380286
667.61	18.47	380533
667.13	18.47	380780
666.65	18.47	381027
666.18	18.47	381274
665.71	18.47	381521
664.23	18.43	381769
664.77	18.47	382016
663.30	18.43	382263
663.85	18.47	382510
662.38	18.43	382757
662.93	18.47	383004
662.46	18.47	383251
663.00	18.50	383499
660.52	18.43	383746
661.07	18.47	383993
660.60	18.47	384240
661.15	18.50	384487
659.67	18.47	384735
659.21	18.47	384982
658.75	18.47	385229
658.29	18.47	385476
658.84	18.50	385723
658.38	18.50	385970
656.91	18.47	386218
657.46	18.50	386465
657.00	18.50	386712
657.54	18.54	386959
656.07	18.50	387206
655.62	18.50	387454
656.17	18.54	387701
654.71	18.50	387948
655.26	18.54	388195
654.81	18.54	388443
654.36	18.54	388690
653.91	18.54	388937
653.46	18.54	389185
654.02	18.57	389432
652.57	18.54	389679
653.13	18.57	389926
652.68	18.57	390173
651.24	18.54	390421
651.80	18.57	390668
651.36	18.57	390915
650.93	18.57	391162
650.49	18.57	391410
651.06	18.60	391657
649.62	18.57	391904
650.19	18.60	392151
649.76	18.60	392398
648.31	18.57	392645
648.90	18.60	392892
648.47	18.60	393140
648.04	18.60	393387
648.61	18.64	393634
648.18	18.64	393882
647.76	18.64	394129
647.33	18.64	394376
646.91	18.64	394624
646.49	18.64	394871
647.07	18.67	395118
646.65	18.67	395365
646.24	18.67	395612
646.83	18.70	395859
645.41	18.67	396106
645.00	18.67	396354
645.60	18.70	396601
645.19	18.70	396848
644.79	18.70	397096
644.39	18.70	397343
643.99	18.70	397590
643.59	18.70	397837
644.20	18.74	398084
643.80	18.74	398332
643.41	18.74	398579
644.02	18.77	398826
642.62	18.74	399073
643.23	18.77	399320
641.84	18.74	399567
642.46	18.77	399814
643.08	18.81	400062
642.70	18.81	400309
642.31	18.81	400556
641.94	18.81	400804
641.56	18.81	401051
641.19	18.81	401298
640.82	18.81	401545
641.46	18.84	401792
641.09	18.84	402039
640.72	18.84	402286
640.36	18.84	402534
641.01	18.87	402781
639.64	18.84	403028
640.29	18.87	403275
639.93	18.87	403523
640.58	18.91	403770
639.22	18.87	404017
639.88	18.91	404264
639.53	18.91	404511
639.18	18.91	404759
639.84	18.94	405006
639.50	18.94	405253
639.16	18.94	405501
638.82	18.94	405748
638.49	18.94	405995
638.16	18.94	406242
638.84	18.97	406489
639.51	19.01	406736
638.17	18.97	406983
637.85	18.97	407230
637.54	18.97	407478
638.23	19.01	407725
637.91	19.01	407972
637.59	19.01	408219
637.28	19.01	408466
637.97	19.04	408714
637.66	19.04	408961
637.35	19.04	409208
637.05	19.04	409455
636.75	19.04	409702
637.45	19.08	409949
637.15	19.08	410196
636.86	19.08	410444
637.57	19.11	410691
636.27	19.08	410938
636.98	19.11	411185
635.69	19.08	411433
637.42	19.14	411680
638.14	19.18	411927
636.84	19.14	412174
637.57	19.18	412421
636.28	19.14	412669
637.02	19.18	412916
636.75	19.18	413163
637.49	19.21	413410
637.22	19.21	413658
635.95	19.18	413905
636.71	19.21	414152
637.46	19.24	414399
637.20	19.24	414646
635.94	19.21	414893
636.70	19.24	415140
636.46	19.24	415388
637.22	19.28	415635
636.98	19.28	415882
636.74	19.28	416129
637.51	19.31	416376
637.27	19.31	416623
637.04	19.31	416870
637.81	19.35	417118
637.58	19.35	417365
636.35	19.31	417612
637.15	19.35	417860
636.93	19.35	418107
637.73	19.38	418354
637.51	19.38	418601
637.30	19.38	418848
637.10	19.38	419095
636.90	19.38	419342
637.71	19.41	419590
637.50	19.41	419837
637.31	19.41	420084
637.11	19.41	420331
637.93	19.45	420579
637.74	19.45	420826
638.55	19.48	421073
638.36	19.48	421320
637.17	19.45	421567
638.00	19.48	421815
638.83	19.51	422062
638.66	19.51	422309
638.48	19.51	422556
638.31	19.51	422803
638.15	19.51	423051
639.00	19.55	423298
638.84	19.55	423545
639.68	19.58	423792
638.52	19.55	424039
639.38	19.58	424286
639.23	19.58	424533
639.08	19.58	424780
639.94	19.62	425028
638.80	19.58	425275
639.67	19.62	425522
639.53	19.62	425769
640.41	19.65	426017
640.27	19.65	426264
640.14	19.65	426511
641.02	19.68	426758
641.90	19.72	427005
640.76	19.68	427252
641.65	19.72	427500
641.53	19.72	427747
641.42	19.72	427994
641.32	19.72	428241
641.22	19.72	428488
642.13	19.75	428735
642.03	19.75	428983
641.94	19.75	429230
642.85	19.78	429477
641.75	19.75	429724
642.68	19.78	429972
642.59	19.78	430219
642.51	19.78	430466
643.43	19.82	430713
643.35	19.82	430960
643.27	19.82	431207
644.21	19.85	431454
644.13	19.85	431702
644.06	19.85	431949
645.00	19.89	432196
644.93	19.89	432443
644.87	19.89	432690
645.82	19.92	432938
645.76	19.92	433185
645.71	19.92	433432
645.66	19.92	433679
645.62	19.92	433926
645.58	19.92	434174
646.56	19.95	434421
646.52	19.95	434668
646.49	19.95	434915
647.47	19.99	435162
647.43	19.99	435409
647.41	19.99	435657
648.39	20.02	435904
648.36	20.02	436151
648.34	20.02	436398
648.32	20.02	436645
649.32	20.05	436892
649.30	20.05	437140
649.30	20.05	437387
650.30	20.09	437634
650.30	20.09	437881
649.29	20.05	438128
651.31	20.12	438375
650.31	20.09	438622
651.33	20.12	438869
652.35	20.16	439117
652.36	20.16	439364
651.37	20.12	439612
652.40	20.16	439859
652.42	20.16	440106
653.46	20.19	440353
653.48	20.19	440600
653.51	20.19	440847
654.56	20.22	441095
654.59	20.22	441342
654.64	20.22	441589
655.69	20.26	441836
655.73	20.26	442084
655.78	20.26	442331
656.84	20.29	442578
656.89	20.29	442825
656.95	20.29	443072
657.02	20.29	443319
658.09	20.33	443566
658.16	20.33	443814
658.24	20.33	444061
659.32	20.36	444308
659.40	20.36	444555
659.48	20.36	444802
660.57	20.39	445049
660.65	20.39	445296
660.74	20.39	445543
660.84	20.39	445791
661.95	20.43	446038
662.05	20.43	446285
663.15	20.46	446533
662.25	20.43	446780
662.37	20.43	447027
663.49	20.46	447274
663.61	20.46	447521
663.73	20.46	447769
664.86	20.49	448016
664.98	20.49	448263
666.11	20.53	448510
666.23	20.53	448757
666.36	20.53	449004
666.49	20.53	449252
666.63	20.53	449499
667.78	20.56	449746
666.92	20.53	449993
668.07	20.56	450240
669.23	20.60	450487
669.38	20.60	450734
669.53	20.60	450981
669.68	20.60	451229
669.84	20.60	451476
670.01	20.60	451723
671.18	20.63	451970
671.35	20.63	452217
671.52	20.63	452464
671.69	20.63	452711
672.87	20.66	452958
673.05	20.66	453206
673.22	20.66	453453
673.40	20.66	453700
673.59	20.66	453947
674.78	20.70	454195
674.97	20.70	454442
675.15	20.70	454689
675.35	20.70	454936
676.55	20.73	455183
676.74	20.73	455430
676.94	20.73	455677
678.14	20.76	455924
677.34	20.73	456172
678.55	20.76	456419
679.77	20.80	456666
678.96	20.76	456913
679.18	20.76	457160
680.41	20.80	457407
679.62	20.76	457654
680.85	20.80	457902
681.07	20.80	458149
681.30	20.80	458396
682.53	20.83	458643
682.76	20.83	458891
682.99	20.83	459138
684.22	20.87	459385
684.45	20.87	459632
684.69	20.87	459880
684.92	20.87	460127
685.17	20.87	460374
685.41	20.87	460621
686.67	20.90	460868
686.92	20.90	461116
687.17	20.90	461363
687.43	20.90	461610
687.68	20.90	461857
688.95	20.93	462104
689.21	20.93	462351
688.46	20.90	462598
689.73	20.93	462846
690.00	20.93	463093
690.27	20.93	463340
691.54	20.97	463587
691.81	20.97	463834
691.08	20.93	464081
692.36	20.97	464328
693.64	21.00	464575
693.91	21.00	464823
693.18	20.97	465070
694.47	21.00	465317
695.76	21.03	465564
696.04	21.03	465811
695.32	21.00	466059
696.62	21.03	466306
695.91	21.00	466553
697.21	21.03	466800
697.51	21.03	467047
697.81	21.03	467294
699.11	21.07	467541
698.41	21.03	467789
699.72	21.07	468036
699.02	21.03	468283
699.33	21.03	468530
700.65	21.07	468778
700.95	21.07	469025
702.27	21.10	469272
701.57	21.07	469519
701.88	21.07	469766
703.21	21.10	470013
703.52	21.10	470260
703.83	21.10	470508
704.15	21.10	470755
704.47	21.10	471002
704.79	21.10	471249
705.11	21.10	471497
705.44	21.10	471744
706.77	21.14	471991
706.09	21.10	472238
707.43	21.14	472485
707.75	21.14	472732
709.09	21.17	472980
708.40	21.14	473227
708.74	21.14	473474
709.07	21.14	473721
709.41	21.14	473968
709.75	21.14	474215
710.09	21.14	474463
710.43	21.14	474710
710.77	21.14	474957
712.12	21.17	475204
712.46	21.17	475452
712.79	21.17	475699
713.13	21.17	475946
713.47	21.17	476193
713.81	21.17	476440
714.16	21.17	476687
714.50	21.17	476935
714.85	21.17	477182
714.19	21.14	477429
715.56	21.17	477676
715.90	21.17	477924
716.25	21.17	478171
716.60	21.17	478418
716.95	21.17	478665
717.30	21.17	478913
717.65	21.17	479160
719.01	21.20	479407
718.34	21.17	479655
718.69	21.17	479902
719.05	21.17	480149
720.41	21.20	480396
720.75	21.20	480643
720.09	21.17	480890
721.46	21.20	481138
720.80	21.17	481385
722.17	21.20	481632
722.52	21.20	481880
721.86	21.17	482127
722.22	21.17	482374
722.58	21.17	482621
722.94	21.17	482869
723.30	21.17	483116
723.66	21.17	483363
724.01	21.17	483610
724.37	21.17	483857
724.72	21.17	484105
724.07	21.14	484352
725.43	21.17	484599
725.78	21.17	484846
725.13	21.14	485093
725.48	21.14	485340
726.84	21.17	485588
726.18	21.14	485835
726.53	21.14	486082
727.89	21.17	486329
727.23	21.14	486577
727.57	21.14	486824
727.92	21.14	487071
728.27	21.14	487318
728.61	21.14	487565
727.95	21.10	487813
729.31	21.14	488060
729.65	21.14	488307
729.99	21.14	488554
729.33	21.10	488801
729.67	21.10	489049
730.01	21.10	489296
730.36	21.10	489543
731.70	21.14	489790
731.03	21.10	490037
731.37	21.10	490284
730.70	21.07	490532
731.04	21.07	490779
731.38	21.07	491026
732.72	21.10	491273
732.04	21.07	491521
732.37	21.07	491768
732.71	21.07	492015
733.04	21.07	492262
733.36	21.07	492509
732.68	21.03	492756
734.01	21.07	493003
734.34	21.07	493251
734.66	21.07	493498
733.97	21.03	493745
734.30	21.03	493992
734.62	21.03	494239
733.94	21.00	494486
735.27	21.03	494734
734.58	21.00	494981
735.90	21.03	495228
736.22	21.03	495475
736.53	21.03	495722
735.83	21.00	495970
736.14	21.00	496217
736.46	21.00	496464
736.77	21.00	496711
737.07	21.00	496959
737.38	21.00	497206
735.67	20.93	497453
737.00	20.97	497700
737.30	20.97	497947
737.61	20.97	498194
736.90	20.93	498441
737.21	20.93	498688
737.51	20.93	498936
736.80	20.90	499183
738.10	20.93	499430
737.39	20.90	499677
737.68	20.90	499924
737.96	20.90	500171
737.24	20.87	500418
737.53	20.87	500666
737.81	20.87	500913
737.08	20.83	501160
737.37	20.83	501408
737.64	20.83	501655
737.91	20.83	501903
738.18	20.83	502150
737.44	20.80	502397
738.71	20.83	502644
737.96	20.80	502892
737.21	20.76	503139
737.47	20.76	503386
737.72	20.76	503633
737.97	20.76	503880
738.22	20.76	504128
738.46	20.76	504375
738.71	20.76	504623
737.94	20.73	504870
738.18	20.73	505117
739.42	20.76	505364
738.64	20.73	505611
738.87	20.73	505858
739.10	20.73	506105
739.33	20.73	506353
737.55	20.66	506600
738.79	20.70	506847
739.02	20.70	507094
739.24	20.70	507342
739.46	20.70	507589
739.68	20.70	507836
739.89	20.70	508083
740.10	20.70	508330
739.31	20.66	508578
739.53	20.66	508825
739.74	20.66	509072
739.95	20.66	509319
740.16	20.66	509566
739.36	20.63	509814
739.58	20.63	510061
739.79	20.63	510308
739.99	20.63	510555
740.19	20.63	510802
739.38	20.60	511050
740.59	20.63	511297
740.79	20.63	511544
739.97	20.60	511791
739.16	20.56	512038
739.36	20.56	512285
739.55	20.56	512533
739.74	20.56	512780
738.93	20.53	513027
739.12	20.53	513274
738.29	20.49	513521
740.49	20.56	513769
739.65	20.53	514016
738.82	20.49	514263
738.99	20.49	514510
739.16	20.49	514757
739.32	20.49	515004
738.48	20.46	515252
738.64	20.46	515499
738.80	20.46	515746
738.96	20.46	515993
738.11	20.43	516240
738.26	20.43	516488
738.41	20.43	516735
737.55	20.39	516982
737.70	20.39	517229
736.84	20.36	517476
737.99	20.39	517724
738.12	20.39	517971
738.25	20.39	518218
737.37	20.36	518466
738.51	20.39	518713
737.62	20.36	518960
736.74	20.33	519207
736.86	20.33	519454
735.98	20.29	519701
736.10	20.29	519949
735.22	20.26	520196
736.34	20.29	520443
735.45	20.26	520690
735.56	20.26	520938
734.65	20.22	521185
734.76	20.22	521432
734.85	20.22	521679
734.94	20.22	521926
734.02	20.19	522173
734.10	20.19	522420
733.18	20.16	522668
733.26	20.16	522915
733.34	20.16	523162
733.41	20.16	523410
732.47	20.12	523657
732.54	20.12	523904
732.60	20.12	524151
732.66	20.12	524398
731.71	20.09	524645
731.76	20.09	524892
731.81	20.09	525139
730.85	20.05	525387
730.90	20.05	525634
729.94	20.02	525881
730.98	20.05	526128
730.01	20.02	526376
730.04	20.02	526623
730.07	20.02	526870
730.10	20.02	527117
729.11	19.99	527365
729.13	19.99	527612
729.15	19.99	527859
729.16	19.99	528106
728.17	19.95	528353
728.18	19.95	528601
727.18	19.92	528848
727.19	19.92	529096
727.20	19.92	529343
727.20	19.92	529590
727.19	19.92	529837
726.18	19.89	530085
727.18	19.92	530332
726.15	19.89	530579
726.14	19.89	530826
725.11	19.85	531073
726.10	19.89	531320
724.06	19.82	531567
725.06	19.85	531814
725.03	19.85	532062
722.99	19.78	532309
722.96	19.78	532556
722.94	19.78	532803
722.90	19.78	533050
721.86	19.75	533298
721.82	19.75	533545
722.78	19.78	533792
720.71	19.72	534039
721.66	19.75	534286
721.60	19.75	534533
720.53	19.72	534781
721.47	19.75	535028
720.39	19.72	535275
720.32	19.72	535523
720.25	19.72	535770
720.18	19.72	536017
719.10	19.68	536264
719.03	19.68	536511
718.95	19.68	536758
718.87	19.68	537005
718.79	19.68	537253
717.70	19.65	537500
718.63	19.68	537747
718.53	19.68	537994
717.44	19.65	538241
717.35	19.65	538488
717.26	19.65	538736
717.16	19.65	538983
717.07	19.65	539230
715.96	19.62	539477
715.87	19.62	539725
715.77	19.62	539972
714.67	19.58	540219
715.58	19.62	540466
713.46	19.55	540714
715.37	19.62	540961
714.25	19.58	541208
714.14	19.58	541455
714.03	19.58	541702
712.91	19.55	541950
712.79	19.55	542197
713.68	19.58	542444
712.55	19.55	542691
712.43	19.55	542938
712.30	19.55	543185
712.18	19.55	543432
712.05	19.55	543679
711.92	19.55	543927
711.79	19.55	544174
709.65	19.48	544421
710.53	19.51	544668
710.40	19.51	544915
709.26	19.48	545163
709.13	19.48	545410
709.00	19.48	545657
707.85	19.45	545904
707.72	19.45	546151
708.58	19.48	546398
707.43	19.45	546645
707.28	19.45	546893
707.13	19.45	547140
705.97	19.41	547387
705.82	19.41	547635
706.67	19.45	547882
706.50	19.45	548129
705.33	19.41	548376
706.17	19.45	548623
705.00	19.41	548871
704.83	19.41	549118
704.66	19.41	549365
705.50	19.45	549612
703.32	19.38	549859
703.15	19.38	550106
703.99	19.41	550354
702.82	19.38	550601
702.65	19.38	550848
701.47	19.35	551095
702.31	19.38	551342
702.13	19.38	551590
701.95	19.38	551837
700.76	19.35	552084
700.58	19.35	552331
700.40	19.35	552578
700.21	19.35	552825
700.03	19.35	553072
698.83	19.31	553320
699.65	19.35	553567
700.47	19.38	553814
699.26	19.35	554061
699.06	19.35	554308
698.87	19.35	554556
698.67	19.35	554803
697.47	19.31	555050
698.29	19.35	555297
698.09	19.35	555544
697.89	19.35	555792
696.69	19.31	556039
696.50	19.31	556286
696.31	19.31	556533
695.11	19.28	556780
695.92	19.31	557027
695.72	19.31	557275
695.52	19.31	557522
695.31	19.31	557769
694.11	19.28	558016
693.91	19.28	558263
693.70	19.28	558511
693.50	19.28	558758
694.29	19.31	559005
693.07	19.28	559252
693.87	19.31	559500
692.65	19.28	559747
692.44	19.28	559994
693.23	19.31	560241
692.01	19.28	560488
691.80	19.28	560735
691.59	19.28	560982
691.38	19.28	561230
692.17	19.31	561477
690.95	19.28	561725
689.73	19.24	561972
689.52	19.24	562219
690.32	19.28	562466
690.11	19.28	562713
689.89	19.28	562960
689.67	19.28	563208
688.44	19.24	563455
689.24	19.28	563702
689.02	19.28	563949
688.80	19.28	564196
688.57	19.28	564443
687.35	19.24	564690
687.14	19.24	564938
686.92	19.24	565185
685.70	19.21	565432
686.50	19.24	565679
686.27	19.24	565926
686.05	19.24	566174
685.83	19.24	566421
686.61	19.28	566668
685.37	19.24	566915
686.15	19.28	567162
684.91	19.24	567409
685.69	19.28	567656
684.46	19.24	567903
684.24	19.24	568151
685.02	19.28	568398
683.79	19.24	568645
683.57	19.24	568892
683.35	19.24	569140
684.13	19.28	569387
683.91	19.28	569634
683.68	19.28	569881
684.46	19.31	570128
683.22	19.28	570375
683.00	19.28	570622
682.78	19.28	570870
682.56	19.28	571117
682.34	19.28	571364
682.12	19.28	571611
681.91	19.28	571859
681.69	19.28	572106
681.48	19.28	572354
681.26	19.28	572601
681.05	19.28	572848
679.82	19.24	573095
680.62	19.28	573342
680.40	19.28	573590
680.19	19.28	573837
679.97	19.28	574084
679.75	19.28	574333
679.53	19.28	574580
679.31	19.28	574827
680.10	19.31	575074
678.87	19.28	575321
679.66	19.31	575569
679.43	19.31	575816
678.21	19.28	576063
679.00	19.31	576310
677.78	19.28	576557
678.58	19.31	576804
678.36	19.31	577051
678.15	19.31	577298
677.94	19.31	577546
678.73	19.35	577793
677.51	19.31	578040
676.30	19.28	578287
677.10	19.31	578535
677.89	19.35	578782
677.68	19.35	579029
676.46	19.31	579276
677.27	19.35	579523
677.06	19.35	579771
675.85	19.31	580018
675.65	19.31	580265
675.45	19.31	580512
675.24	19.31	580759
676.05	19.35	581007
675.84	19.35	581254
675.64	19.35	581501
675.43	19.35	581748
675.23	19.35	581995
674.02	19.31	582243
673.82	19.31	582490
674.63	19.35	582737
674.43	19.35	582984
674.23	19.35	583231
675.03	19.38	583478
673.82	19.35	583726
673.62	19.35	583973
673.42	19.35	584220
673.23	19.35	584467
674.03	19.38	584714
672.82	19.35	584962
672.63	19.35	585209
672.44	19.35	585456
673.25	19.38	585703
673.05	19.38	585950
672.86	19.38	586198
672.66	19.38	586446
673.47	19.41	586694
673.27	19.41	586941
673.07	19.41	587188
671.87	19.38	587435
671.69	19.38	587682
671.51	19.38	587930
671.33	19.38	588177
671.14	19.38	588424
670.96	19.38	588671
671.79	19.41	588918
671.60	19.41	589165
670.41	19.38	589412
671.23	19.41	589659
670.04	19.38	589907
670.86	19.41	590154
670.68	19.41	590401
671.50	19.45	590648
670.30	19.41	590895
670.12	19.41	591142
669.94	19.41	591389
670.77	19.45	591637
670.59	19.45	591884
670.41	19.45	592131
670.23	19.45	592378
671.06	19.48	592625
669.87	19.45	592873
670.71	19.48	593120
670.53	19.48	593367
670.36	19.48	593614
670.19	19.48	593861
670.02	19.48	594109
668.86	19.45	594356
669.71	19.48	594603
668.54	19.45	594850
670.40	19.51	595097
670.23	19.51	595344
669.06	19.48	595592
669.91	19.51	595839
668.74	19.48	596086
669.60	19.51	596333
669.43	19.51	596580
668.27	19.48	596827
669.13	19.51	597074
667.97	19.48	597322
669.83	19.55	597569
669.67	19.55	597816
668.51	19.51	598063
668.36	19.51	598311
669.22	19.55	598558
669.07	19.55	598805
669.92	19.58	599052
668.76	19.55	599299
668.62	19.55	599546
668.48	19.55	599794
668.34	19.55	600041
668.21	19.55	600288
669.07	19.58	600535
668.93	19.58	600783
668.79	19.58	601031
668.66	19.58	601278
668.52	19.58	601525
669.39	19.62	601772
668.25	19.58	602019
669.12	19.62	602267
667.98	19.58	602514
668.86	19.62	602761
668.74	19.62	603008
668.61	19.62	603255
668.49	19.62	603502
669.37	19.65	603750
669.24	19.65	603997
669.12	19.65	604244
667.99	19.62	604491
668.89	19.65	604738
669.77	19.68	604985
668.65	19.65	605232
668.54	19.65	605479
669.43	19.68	605727
669.32	19.68	605974
668.21	19.65	606221
669.11	19.68	606468
669.00	19.68	606715
668.89	19.68	606963
668.79	19.68	607210
668.69	19.68	607457
669.59	19.72	607704
669.49	19.72	607951
669.39	19.72	608198
669.29	19.72	608446
669.19	19.72	608693
669.10	19.72	608940
669.00	19.72	609187
668.91	19.72	609435
668.83	19.72	609682
669.75	19.75	609929
669.66	19.75	610176
669.57	19.75	610423
669.48	19.75	610671
670.40	19.78	610918
669.30	19.75	611165
669.22	19.75	611412
670.15	19.78	611660
669.06	19.75	611907
669.99	19.78	612154
669.91	19.78	612401
669.84	19.78	612648
670.77	19.82	612895
669.69	19.78	613143
670.62	19.82	613390
670.55	19.82	613637
670.48	19.82	613884
670.41	19.82	614131
670.34	19.82	614378
671.29	19.85	614626
670.22	19.82	614873
670.16	19.82	615120
671.11	19.85	615368
671.05	19.85	615615
670.99	19.85	615862
670.94	19.85	616109
670.89	19.85	616356
671.84	19.89	616604
670.78	19.85	616851
671.74	19.89	617098
671.68	19.89	617345
671.63	19.89	617592
671.59	19.89	617839
672.55	19.92	618086
671.50	19.89	618333
672.46	19.92	618581
672.42	19.92	618828
672.38	19.92	619075
672.35	19.92	619322
672.31	19.92	619569
672.28	19.92	619817
672.25	19.92	620064
672.22	19.92	620311
672.20	19.92	620558
673.18	19.95	620805
673.15	19.95	621053
673.12	19.95	621300
673.09	19.95	621547
673.07	19.95	621794
673.04	19.95	622041
674.03	19.99	622288
674.00	19.99	622535
673.98	19.99	622783
672.96	19.95	623030
674.96	20.02	623277
673.93	19.99	623524
673.92	19.99	623771
674.92	20.02	624018
674.90	20.02	624266
674.89	20.02	624513
674.88	20.02	624760
674.88	20.02	625007
674.88	20.02	625254
674.88	20.02	625501
674.88	20.02	625748
675.89	20.05	625996
675.88	20.05	626243
676.89	20.09	626490
675.88	20.05	626737
675.89	20.05	626984
676.91	20.09	627232
675.90	20.05	627479
676.93	20.09	627726
676.94	20.09	627973
677.95	20.12	628220
676.96	20.09	628468
676.98	20.09	628715
678.01	20.12	628962
677.02	20.09	629209
678.05	20.12	629456
678.07	20.12	629703
678.10	20.12	629950
678.13	20.12	630198
679.16	20.16	630445
679.18	20.16	630692
679.21	20.16	630939
679.24	20.16	631186
679.27	20.16	631434
679.31	20.16	631681
679.35	20.16	631928
679.39	20.16	632175
679.43	20.16	632422
680.48	20.19	632670
680.52	20.19	632917
680.57	20.19	633164
680.61	20.19	633412
680.66	20.19	633659
680.70	20.19	633906
681.76	20.22	634153
681.81	20.22	634400
681.86	20.22	634647
681.91	20.22	634895
681.96	20.22	635142
682.02	20.22	635389
682.08	20.22	635636
682.14	20.22	635883
683.21	20.26	636130
682.27	20.22	636378
683.34	20.26	636625
683.40	20.26	636872
682.46	20.22	637119
683.54	20.26	637366
684.61	20.29	637613
684.67	20.29	637861
684.74	20.29	638108
684.80	20.29	638355
684.88	20.29	638602
684.95	20.29	638849
685.03	20.29	639096
685.11	20.29	639344
685.19	20.29	639591
685.28	20.29	639838
685.37	20.29	640086
686.46	20.33	640333
686.54	20.33	640580
686.62	20.33	640827
687.71	20.36	641074
685.78	20.29	641321
686.88	20.33	641569
686.98	20.33	641816
687.07	20.33	642063
688.17	20.36	642310
687.25	20.33	642557
688.35	20.36	642805
688.45	20.36	643052
688.54	20.36	643299
687.63	20.33	643546
688.74	20.36	643793
688.84	20.36	644041
688.94	20.36	644288
689.04	20.36	644535
689.15	20.36	644782
690.25	20.39	645029
689.35	20.36	645277
689.46	20.36	645524
690.57	20.39	645771
690.67	20.39	646018
690.78	20.39	646265
690.88	20.39	646513
690.99	20.39	646760
692.11	20.43	647007
691.21	20.39	647255
691.32	20.39	647502
691.44	20.39	647749
692.56	20.43	647996
691.67	20.39	648243
692.80	20.43	648490
692.91	20.43	648737
692.02	20.39	648985
693.16	20.43	649232
692.27	20.39	649479
693.40	20.43	649727
694.52	20.46	649974
692.63	20.39	650221
694.77	20.46	650469
693.88	20.43	650716
695.01	20.46	650964
694.13	20.43	651211
695.26	20.46	651459
694.38	20.43	651706
695.51	20.46	651954
695.64	20.46	652201
694.77	20.43	652448
695.90	20.46	652695
696.04	20.46	652942
696.17	20.46	653189
696.30	20.46	653436
696.43	20.46	653683
696.57	20.46	653931
696.70	20.46	654178
696.84	20.46	654426
696.97	20.46	654673
698.11	20.49	654920
698.24	20.49	655167
698.38	20.49	655414
697.51	20.46	655661
697.65	20.46	655908
698.80	20.49	656155
698.94	20.49	656403
699.08	20.49	656650
698.21	20.46	656897
699.37	20.49	657144
698.51	20.46	657391
699.66	20.49	657639
699.80	20.49	657886
698.94	20.46	658133
700.09	20.49	658380
700.23	20.49	658627
700.38	20.49	658875
700.52	20.49	659122
700.66	20.49	659369
700.81	20.49	659616
700.95	20.49	659863
702.10	20.53	660110
702.24	20.53	660358
701.38	20.49	660605
703.54	20.56	660852
701.67	20.49	661100
701.82	20.49	661347
701.98	20.49	661594
702.14	20.49	661841
703.30	20.53	662088
703.45	20.53	662335
703.60	20.53	662582
702.74	20.49	662829
703.91	20.53	663077
703.05	20.49	663324
704.21	20.53	663571
704.36	20.53	663819
704.51	20.53	664066
704.67	20.53	664313
704.82	20.53	664560
704.98	20.53	664807
705.13	20.53	665055
704.28	20.49	665302
705.45	20.53	665549
705.60	20.53	665796
704.75	20.49	666043
705.92	20.53	666291
707.08	20.56	666538
706.23	20.53	666785
706.38	20.53	667032
706.54	20.53	667279
706.70	20.53	667527
706.85	20.53	667774
707.01	20.53	668021
707.17	20.53	668268
706.32	20.49	668515
708.50	20.56	668763
707.65	20.53	669010
707.80	20.53	669257
706.96	20.49	669504
708.13	20.53	669751
708.28	20.53	669998
708.44	20.53	670245
707.59	20.49	670492
708.76	20.53	670740
707.91	20.49	670987
708.07	20.49	671234
709.24	20.53	671481
708.38	20.49	671728
709.55	20.53	671975
709.70	20.53	672223
709.85	20.53	672470
708.99	20.49	672717
709.15	20.49	672964
709.31	20.49	673211
710.47	20.53	673459
709.61	20.49	673706
710.78	20.53	673953
710.93	20.53	674200
711.08	20.53	674447
710.22	20.49	674694
711.38	20.53	674941
710.53	20.49	675189
710.68	20.49	675436
710.84	20.49	675683
711.00	20.49	675930
711.15	20.49	676177
711.31	20.49	676425
711.46	20.49	676672
711.62	20.49	676919
710.76	20.46	677166
711.92	20.49	677413
713.08	20.53	677661
712.21	20.49	677908
712.36	20.49	678155
712.51	20.49	678403
711.65	20.46	678650
712.81	20.49	678897
712.96	20.49	679144
712.10	20.46	679391
713.25	20.49	679638
713.40	20.49	679886
712.54	20.46	680133
713.70	20.49	680380
712.84	20.46	680627
712.99	20.46	680874
713.13	20.46	681122
714.28	20.49	681369
712.42	20.43	681616
713.57	20.46	681863
713.71	20.46	682110
713.86	20.46	682357
714.00	20.46	682604
713.13	20.43	682852
714.28	20.46	683099
714.42	20.46	683346
714.55	20.46	683593
713.69	20.43	683840
714.83	20.46	684087
713.96	20.43	684334
715.11	20.46	684581
714.23	20.43	684829
714.37	20.43	685076
714.51	20.43	685324
713.64	20.39	685571
713.78	20.39	685818
713.92	20.39	686065
715.06	20.43	686312
714.18	20.39	686559
714.31	20.39	686806
715.45	20.43	687054
714.56	20.39	687301
714.68	20.39	687548
714.81	20.39	687796
714.93	20.39	688043
715.05	20.39	688290
715.17	20.39	688537
714.29	20.36	688784
715.42	20.39	689031
715.54	20.39	689279
715.66	20.39	689526
714.77	20.36	689773
715.89	20.39	690021
715.00	20.36	690268
716.13	20.39	690516
715.24	20.36	690763
715.36	20.36	691010
715.47	20.36	691257
714.59	20.33	691504
715.71	20.36	691751
715.82	20.36	691998
714.93	20.33	692245
716.05	20.36	692493
716.15	20.36	692740
715.26	20.33	692987
715.37	20.33	693234
715.48	20.33	693481
715.58	20.33	693728
715.69	20.33	693976
715.79	20.33	694223
715.90	20.33	694470
716.00	20.33	694717
715.09	20.29	694965
715.20	20.29	695212
715.30	20.29	695459
715.40	20.29	695706
715.50	20.29	695953
715.59	20.29	696200
715.69	20.29	696448
714.78	20.26	696695
714.88	20.26	696942
714.97	20.26	697189
716.06	20.29	697436
715.14	20.26	697684
715.23	20.26	697931
715.32	20.26	698178
714.40	20.22	698425
715.49	20.26	698672
714.56	20.22	698919
714.65	20.22	699166
714.73	20.22	699413
714.81	20.22	699661
714.89	20.22	699908
714.96	20.22	700155
715.04	20.22	700402
714.10	20.19	700650
714.18	20.19	700897
715.26	20.22	701145
714.31	20.19	701392
713.38	20.16	701639
714.46	20.19	701886
714.52	20.19	702133
714.58	20.19	702381
713.64	20.16	702628
713.71	20.16	702875
712.76	20.12	703122
712.83	20.12	703369
713.90	20.16	703616
713.95	20.16	703863
712.99	20.12	704111
713.05	20.12	704358
713.10	20.12	704605
714.15	20.16	704852
713.18	20.12	705100
713.23	20.12	705347
713.27	20.12	705594
713.31	20.12	705841
713.35	20.12	706088
713.40	20.12	706335
713.43	20.12	706583
713.47	20.12	706830
713.51	20.12	707077
713.55	20.12	707324
713.59	20.12	707571
712.62	20.09	707819
712.66	20.09	708066
712.70	20.09	708313
712.74	20.09	708560
712.78	20.09	708807
713.82	20.12	709054
712.84	20.09	709302
712.88	20.09	709549
711.90	20.05	709797
712.95	20.09	710044
711.97	20.05	710291
712.00	20.05	710538
713.04	20.09	710785
713.06	20.09	711032
711.07	20.02	711279
712.11	20.05	711527
711.13	20.02	711774
712.17	20.05	712022
711.18	20.02	712269
712.21	20.05	712516
711.22	20.02	712763
711.24	20.02	713010
711.26	20.02	713257
711.28	20.02	713504
711.29	20.02	713751
711.30	20.02	713999
710.30	19.99	714246
711.33	20.02	714493
711.33	20.02	714741
711.34	20.02	714988
710.34	19.99	715235
711.35	20.02	715482
711.36	20.02	715729
710.35	19.99	715977
710.36	19.99	716224
709.37	19.95	716471
710.38	19.99	716718
709.38	19.95	716966
709.39	19.95	717213
709.40	19.95	717460
709.40	19.95	717707
709.40	19.95	717954
709.39	19.95	718201
709.38	19.95	718449
709.37	19.95	718696
708.35	19.92	718943
708.35	19.92	719190
708.34	19.92	719437
708.33	19.92	719684
707.31	19.89	719932
708.31	19.92	720179
707.28	19.89	720426
708.27	19.92	720673
708.25	19.92	720920
708.22	19.92	721167
707.19	19.89	721415
707.17	19.89	721662
707.15	19.89	721909
706.12	19.85	722156
707.10	19.89	722403
707.07	19.89	722650
706.04	19.85	722898
707.02	19.89	723145
705.98	19.85	723392
706.96	19.89	723639
705.91	19.85	723887
705.88	19.85	724134
705.84	19.85	724381
705.81	19.85	724628
706.77	19.89	724875
704.72	19.82	725122
705.69	19.85	725369
705.65	19.85	725617
705.61	19.85	725864
704.56	19.82	726111
704.52	19.82	726358
704.48	19.82	726605
704.44	19.82	726852
703.39	19.78	727099
703.35	19.78	727347
704.31	19.82	727594
703.26	19.78	727841
704.21	19.82	728088
703.15	19.78	728335
704.10	19.82	728582
703.04	19.78	728830
702.98	19.78	729077
701.92	19.75	729324
702.87	19.78	729571
701.81	19.75	729818
702.76	19.78	730065
702.69	19.78	730313
702.63	19.78	730560
701.56	19.75	730808
703.50	19.82	731055
702.42	19.78	731302
701.35	19.75	731549
701.29	19.75	731796
