850.00	37.09	11790
850.00	37.09	12037
850.00	37.09	12284
850.00	37.09	12531
850.00	37.05	12779
850.00	37.05	13026
850.00	37.05	13273
850.00	37.09	13520
850.00	37.02	13767
850.00	37.02	14014
850.00	37.02	14261
850.00	36.99	14509
850.00	36.99	14756
850.00	36.95	15003
850.00	36.92	15250
850.00	36.95	15497
850.00	36.92	15744
850.00	36.92	15992
850.00	36.85	16239
850.00	36.85	16486
850.00	36.85	16733
850.00	36.82	16980
850.00	36.78	17227
850.00	36.78	17475
850.00	36.75	17722
850.00	36.75	17969
850.00	36.71	18217
850.00	36.71	18464
850.00	36.68	18711
850.00	36.68	18958
850.00	36.65	19205
850.00	36.65	19452
850.00	36.61	19699
850.00	36.61	19947
850.00	36.58	20194
850.00	36.54	20441
850.00	36.54	20688
850.00	36.48	20935
850.00	36.48	21182
850.00	36.44	21429
850.00	36.41	21677
850.00	36.41	21924
850.00	36.37	22171
850.00	36.31	22418
850.00	36.31	22665
850.00	36.27	22912
850.00	36.27	23160
850.00	36.24	23407
850.00	36.21	23654
850.00	36.17	23901
850.00	36.14	24149
850.00	36.10	24396
850.00	36.07	24643
850.00	36.04	24890
850.00	36.04	25138
850.00	36.00	25385
850.00	35.93	25632
850.00	35.90	25879
850.00	35.87	26126
850.00	35.83	26373
850.00	35.76	26620
850.00	35.73	26868
850.00	35.70	27115
850.00	35.70	27362
850.00	35.63	27609
850.00	35.59	27856
850.00	35.56	28103
850.00	35.49	28351
850.00	35.46	28598
850.00	35.42	28845
850.00	35.36	29092
850.00	35.29	29339
850.00	35.25	29586
850.00	35.19	29833
850.00	35.19	30081
850.00	35.12	30328
850.00	35.05	30575
850.00	34.98	30823
850.00	34.95	31070
850.00	34.88	31317
850.00	34.85	31564
850.00	34.78	31811
850.00	34.75	32058
850.00	34.64	32305
850.00	34.61	32553
850.00	34.54	32800
850.00	34.47	33048
850.00	34.44	33295
850.00	34.37	33542
850.00	34.31	33789
850.00	34.24	34036
850.00	34.20	34283
850.00	34.10	34530
850.00	34.07	34778
850.00	34.03	35025
850.00	33.97	35272
850.00	33.86	35520
850.00	33.80	35767
850.00	33.73	36014
850.00	33.66	36261
850.00	33.59	36508
850.00	33.52	36755
850.00	33.46	37002
850.00	33.39	37250
850.00	33.29	37497
850.00	33.25	37744
850.00	33.15	37992
850.00	33.05	38239
850.00	32.98	38486
850.00	32.91	38733
850.00	32.85	38980
850.00	32.78	39227
850.00	32.71	39475
850.00	32.61	39722
850.00	32.54	39969
850.00	32.47	40216
850.00	32.41	40464
850.00	32.34	40711
850.00	32.24	40958
850.00	32.17	41205
850.00	32.07	41452
850.00	32.00	41699
850.00	31.93	41946
850.00	31.83	42194
850.00	31.80	42441
850.00	31.73	42688
850.00	31.63	42935
850.00	31.56	43182
850.00	31.49	43429
850.00	31.39	43676
850.00	31.32	43924
850.00	31.29	44171
850.00	31.19	44418
850.00	31.12	44665
850.00	31.05	44912
850.00	30.98	45159
850.00	30.95	45407
850.00	30.88	45654
850.00	30.81	45901
850.00	30.75	46148
850.00	30.71	46395
850.00	30.64	46642
850.00	30.58	46890
850.00	30.54	47137
850.00	30.51	47384
850.00	30.44	47631
850.00	30.37	47878
850.00	30.34	48125
850.00	30.27	48372
850.00	30.20	48620
850.00	30.20	48867
850.00	30.14	49114
850.00	30.10	49362
850.00	30.07	49609
850.00	30.03	49856
850.00	29.97	50103
850.00	29.93	50350
850.00	29.90	50597
850.00	29.86	50844
850.00	29.83	51092
850.00	29.80	51339
850.00	29.76	51586
850.00	29.73	51834
850.00	29.70	52081
850.00	29.70	52328
850.00	29.66	52575
850.00	29.63	52822
850.00	29.59	53069
850.00	29.56	53316
850.00	29.56	53564
850.00	29.53	53811
850.00	29.49	54058
850.00	29.46	54306
850.00	29.42	54553
850.00	29.42	54800
850.00	29.42	55047
850.00	29.39	55294
850.00	29.39	55541
850.00	29.36	55789
850.00	29.36	56036
850.00	29.32	56283
850.00	29.29	56531
850.00	29.25	56778
850.00	29.29	57025
850.00	29.25	57272
850.00	29.29	57519
850.00	29.25	57766
850.00	29.22	58013
850.00	29.22	58260
850.00	29.19	58508
850.00	29.19	58755
850.00	29.15	59002
850.00	29.15	59249
850.00	29.15	59496
850.00	29.19	59743
850.00	29.15	59990
850.00	29.15	60238
850.00	29.15	60485
850.00	29.12	60732
850.00	29.12	60979
850.00	29.12	61226
850.00	29.09	61474
850.00	29.09	61721
850.00	29.12	61968
850.00	29.09	62215
850.00	29.09	62462
850.00	29.09	62709
850.00	29.09	62956
850.00	29.09	63203
850.00	29.09	63451
850.00	29.05	63698
850.00	29.05	63945
850.00	29.05	64192
850.00	29.05	64439
850.00	29.05	64686
850.00	29.05	64933
850.00	29.05	65180
850.00	29.05	65428
850.00	29.05	65675
850.00	29.02	65922
850.00	29.02	66169
850.00	29.05	66416
850.00	29.02	66664
850.00	29.02	66911
850.00	29.02	67158
850.00	29.02	67405
850.00	29.05	67652
850.00	29.02	67900
850.00	29.02	68147
850.00	29.05	68394
850.00	29.05	68641
850.00	29.05	68888
850.00	29.05	69135
850.00	29.05	69382
850.00	29.05	69629
850.00	29.05	69876
850.00	29.05	70124
850.00	29.02	70371
850.00	29.05	70618
850.00	29.05	70865
850.00	29.05	71113
850.00	29.02	71360
850.00	29.02	71607
850.00	29.05	71854
850.00	29.02	72101
850.00	29.05	72348
850.00	29.05	72596
850.00	29.05	72843
850.00	29.05	73090
850.00	29.05	73337
850.00	29.05	73584
850.00	29.05	73831
850.00	29.09	74078
850.00	29.05	74326
850.00	29.05	74573
850.00	29.05	74820
850.00	29.09	75067
850.00	29.09	75314
850.00	29.09	75561
850.00	29.09	75809
850.00	29.05	76130
850.00	29.09	76452
850.00	29.09	76774
850.00	29.09	77094
850.00	29.09	77414
850.00	29.09	77735
850.00	29.12	78055
850.00	29.12	78375
850.00	29.15	78696
850.00	29.15	79016
850.00	29.15	79336
850.00	29.15	79657
850.00	29.15	79977
850.00	29.15	80298
850.00	29.15	80618
850.00	29.19	80938
850.00	29.19	81258
850.00	29.19	81579
850.00	29.19	81899
850.00	29.19	82219
850.00	29.19	82540
850.00	29.22	82860
850.00	29.22	83181
850.00	29.25	83501
850.00	29.22	83821
850.00	29.25	84142
850.00	29.29	84463
850.00	29.32	84783
850.00	29.32	85104
850.00	29.32	85424
850.00	29.36	85744
850.00	29.36	86064
850.00	29.42	86385
850.00	29.39	86706
850.00	29.46	87026
850.00	29.49	87347
850.00	29.53	87667
850.00	29.56	87987
850.00	29.59	88308
850.00	29.66	88628
850.00	29.70	88949
850.00	29.73	89269
850.00	29.80	89590
850.00	29.86	89911
850.00	29.93	90231
850.00	29.97	90552
850.00	30.07	90872
850.00	30.14	91193
850.00	30.20	91513
850.00	30.30	91834
850.00	30.30	92154
850.00	30.41	92474
850.00	30.47	92795
850.00	30.58	93115
850.00	30.64	93436
850.00	30.68	93757
850.00	30.75	94077
850.00	30.81	94397
850.00	30.91	94718
850.00	30.98	95038
850.00	31.02	95358
850.00	31.08	95678
850.00	31.15	95999
850.00	31.19	96320
850.00	31.25	96640
850.00	31.32	96961
850.00	31.39	97281
850.00	31.42	97601
850.00	31.52	97922
850.00	31.56	98242
850.00	31.63	98562
850.00	31.73	98883
850.00	31.80	99203
850.00	31.86	99523
850.00	31.97	99844
850.00	32.07	100165
850.00	32.17	100486
850.00	32.30	100806
850.00	32.41	101126
850.00	32.54	101447
850.00	32.68	101767
850.00	32.85	102087
850.00	32.98	102408
850.00	33.12	102728
850.00	33.32	103049
850.00	33.49	103370
850.00	33.66	103690
850.00	33.86	104010
850.00	34.07	104331
850.00	34.27	104652
850.00	34.47	104972
850.00	34.68	105293
850.00	34.88	105613
850.00	35.12	105933
850.00	35.32	106253
850.00	35.53	106574
850.00	35.73	106895
850.00	35.97	107215
850.00	36.21	107536
850.00	36.41	107856
850.00	36.65	108176
850.00	36.85	108496
850.00	37.09	108817
850.00	37.29	109138
850.00	37.53	109458
850.00	37.73	109779
850.00	38.00	110100
850.00	38.21	110420
850.00	38.41	110740
850.00	38.65	111060
850.00	38.85	111381
850.00	39.06	111702
850.00	39.23	112022
850.00	39.40	112342
850.00	39.57	112663
850.00	39.77	112983
850.00	39.91	113303
850.00	40.04	113624
850.00	40.21	113945
850.00	40.35	114265
850.00	40.45	114585
850.00	40.62	114906
850.00	40.72	115226
850.00	40.82	115546
850.00	40.99	115868
850.00	41.10	116188
850.00	41.27	116509
850.00	41.37	116830
850.00	41.50	117150
850.00	41.61	117470
850.00	41.74	117790
850.00	41.88	118112
850.00	42.01	118432
850.00	42.12	118752
850.00	42.29	119073
850.00	42.39	119394
850.00	42.49	119714
850.00	42.63	120034
850.00	42.76	120355
850.00	42.90	120675
850.00	43.03	120996
850.00	43.20	121316
850.00	43.27	121636
850.00	43.44	121956
850.00	43.58	122277
850.00	43.71	122597
850.00	43.85	122918
850.00	44.05	123239
850.00	44.19	123559
850.00	44.33	123879
850.00	44.50	124200
850.00	44.63	124520
850.00	44.80	124840
850.00	45.01	125161
850.00	45.14	125482
850.00	45.31	125802
850.00	45.45	126123
850.00	45.59	126443
850.00	45.76	126763
850.00	45.86	127083
850.00	45.99	127404
850.00	46.16	127725
850.00	46.27	128046
850.00	46.40	128366
850.00	46.54	128686
850.00	46.64	129007
850.00	46.78	129328
850.00	46.88	129648
850.00	47.02	129968
850.00	47.12	130289
850.00	47.22	130609
850.00	47.36	130929
850.00	47.42	131250
850.00	47.56	131571
850.00	47.63	131891
850.00	47.73	132212
850.00	47.83	132532
850.00	47.97	132853
850.00	48.00	133173
850.00	48.07	133493
850.00	48.17	133815
850.00	48.24	134135
850.00	48.31	134455
850.00	48.34	134775
850.00	48.45	135096
850.00	48.51	135416
850.00	48.62	135736
850.00	48.68	136058
850.00	48.75	136378
850.00	48.82	136699
850.00	48.92	137019
850.00	48.96	137340
850.00	49.02	137660
850.00	49.09	137980
850.00	49.16	138301
850.00	49.20	138621
850.00	49.26	138942
850.00	49.33	139263
850.00	49.40	139583
850.00	49.47	139903
850.00	49.50	140223
850.00	49.54	140544
850.00	49.60	140864
850.00	49.64	141185
850.00	49.67	141506
850.00	49.71	141826
850.00	49.74	142146
850.00	49.81	142466
850.00	49.84	142788
850.00	49.84	143108
850.00	49.91	143429
850.00	49.98	143749
850.00	50.01	144069
850.00	50.01	144390
850.00	50.08	144710
850.00	50.12	145030
850.00	50.12	145351
850.00	50.18	145671
850.00	50.18	145992
850.00	50.22	146312
850.00	50.25	146632
850.00	50.32	146953
850.00	50.32	147274
850.00	50.35	147594
850.00	50.39	147915
850.00	50.42	148235
850.00	50.46	148555
850.00	50.46	148876
850.00	50.52	149196
850.00	50.56	149517
850.00	50.56	149838
850.00	50.56	150158
850.00	50.63	150478
850.00	50.63	150799
850.00	50.63	151119
850.00	50.66	151439
850.00	50.69	151759
850.00	50.69	152080
850.00	50.73	152401
850.00	50.76	152722
850.00	50.76	153042
850.00	50.80	153362
850.00	50.80	153683
850.00	50.80	154003
850.00	50.80	154323
850.00	50.83	154643
850.00	50.83	154964
850.00	50.87	155284
850.00	50.87	155604
850.00	50.87	155925
850.00	50.87	156246
850.00	50.87	156566
850.00	50.90	156886
850.00	50.93	157207
850.00	50.90	157527
850.00	50.93	157847
850.00	50.93	158168
850.00	50.93	158488
850.00	50.93	158808
850.00	50.97	159130
850.00	50.97	159450
850.00	50.97	159770
850.00	50.97	160091
850.00	50.97	160411
850.00	51.00	160732
850.00	51.00	161053
850.00	51.04	161373
850.00	51.00	161693
850.00	51.04	162014
850.00	51.00	162334
850.00	51.04	162654
850.00	51.00	162974
850.00	51.04	163295
850.00	51.04	163616
850.00	51.04	163937
850.00	51.04	164257
850.00	51.04	164577
850.00	51.04	164898
850.00	51.04	165218
850.00	51.07	165538
850.00	51.04	165860
850.00	51.07	166180
850.00	51.04	166500
850.00	51.04	166821
850.00	51.04	167141
850.00	51.04	167462
850.00	51.04	167783
850.00	51.04	168103
850.00	51.04	168423
850.00	51.04	168743
850.00	51.00	169064
850.00	51.04	169384
850.00	51.04	169706
850.00	51.04	170026
850.00	51.00	170347
850.00	51.04	170667
850.00	51.04	170988
850.00	51.04	171308
850.00	51.00	171628
850.00	51.00	171949
850.00	51.04	172269
850.00	51.04	172590
850.00	51.00	172910
850.00	51.00	173231
850.00	51.00	173551
850.00	51.00	173871
850.00	50.97	174192
850.00	51.00	174512
850.00	50.97	174833
850.00	50.97	175154
850.00	50.97	175474
850.00	50.97	175794
850.00	50.93	176115
850.00	50.93	176436
850.00	50.93	176756
850.00	50.90	177077
850.00	50.83	177397
850.00	50.83	177717
850.00	50.80	178037
850.00	50.80	178358
850.00	50.76	178679
850.00	50.73	178999
850.00	50.73	179320
850.00	50.73	179640
850.00	50.73	179961
850.00	50.76	180281
850.00	50.80	180601
850.00	50.83	180922
850.00	50.87	181243
850.00	50.97	181563
850.00	51.00	181883
850.00	51.07	182204
850.00	51.14	182524
850.00	51.21	182845
850.00	51.31	183165
850.00	51.38	183486
850.00	51.48	183806
850.00	51.58	184126
850.00	51.65	184447
850.00	51.75	184767
850.00	51.89	185088
850.00	51.96	185408
850.00	52.06	185729
850.00	52.16	186050
850.00	52.23	186371
850.00	52.33	186691
850.00	52.50	187011
850.00	52.60	187332
850.00	52.71	187652
850.00	52.77	187972
850.00	52.95	188293
850.00	53.05	188614
850.00	53.15	188934
850.00	53.25	189255
850.00	53.42	189575
850.00	53.53	189896
850.00	53.66	190217
850.00	53.76	190537
850.00	53.87	190857
850.00	53.97	191178
850.00	54.14	191498
850.00	54.24	191818
850.00	54.34	192139
850.00	54.48	192460
850.00	54.62	192780
850.00	54.69	193100
850.00	54.82	193421
850.00	54.96	193741
850.00	55.09	194062
850.00	55.20	194382
850.00	55.30	194702
850.00	55.40	195024
850.00	55.54	195344
850.00	55.67	195665
850.00	55.74	195985
850.00	55.88	196305
850.00	55.98	196625
850.00	56.08	196946
850.00	56.22	197267
850.00	56.32	197588
850.00	56.43	197908
850.00	56.53	198229
850.00	56.63	198549
850.00	56.73	198870
850.00	56.80	199190
850.00	56.94	199511
850.00	57.01	199831
850.00	57.14	200152
850.00	57.21	200472
850.00	57.31	200792
850.00	57.42	201114
850.00	57.52	201434
850.00	57.66	201755
850.00	57.72	202075
850.00	57.86	202395
850.00	57.93	202716
850.00	58.00	203036
850.00	58.13	203356
850.00	58.24	203677
850.00	58.34	203998
850.00	58.41	204318
850.00	58.54	204639
850.00	58.58	204960
850.00	58.68	205280
850.00	58.78	205600
850.00	58.89	205921
850.00	58.95	206242
850.00	59.06	206562
850.00	59.12	206883
850.00	59.19	207203
850.00	59.26	207524
850.00	59.33	207845
850.00	59.40	208165
850.00	59.43	208485
850.00	59.53	208805
850.00	59.57	209126
850.00	59.64	209446
850.00	59.67	209766
850.00	59.74	210088
850.00	59.77	210408
850.00	59.84	210728
850.00	59.88	211049
850.00	59.91	211369
850.00	59.94	211689
850.00	59.98	212010
850.00	59.98	212330
850.00	60.05	212650
850.00	60.08	212972
850.00	60.08	213292
850.00	60.15	213613
850.00	60.15	213933
850.00	60.15	214253
850.00	60.22	214574
850.00	60.22	214895
850.00	60.25	215215
850.00	60.25	215535
850.00	60.29	215856
850.00	60.29	216176
850.00	60.32	216496
850.00	60.36	216817
850.00	60.36	217137
850.00	60.39	217458
850.00	60.39	217779
850.00	60.42	218099
850.00	60.42	218419
850.00	60.46	218740
850.00	60.49	219060
850.00	60.53	219380
850.00	60.53	219701
850.00	60.56	220022
850.00	60.56	220342
850.00	60.63	220662
850.00	60.63	220982
850.00	60.66	221304
850.00	60.66	221624
850.00	60.73	221945
850.00	60.73	222265
850.00	60.77	222585
850.00	60.77	222905
850.00	60.80	223226
850.00	60.83	223547
850.00	60.87	223867
850.00	60.87	224188
850.00	60.94	224508
850.00	60.97	224828
850.00	61.00	225149
850.00	61.04	225469
850.00	61.04	225790
850.00	61.07	226111
850.00	61.11	226431
850.00	61.14	226752
850.00	61.14	227073
850.00	61.21	227393
850.00	61.24	227713
850.00	61.24	228034
850.00	61.31	228354
850.00	61.31	228675
850.00	61.35	228995
850.00	61.42	229315
850.00	61.45	229636
850.00	61.45	229956
850.00	61.45	230277
850.00	61.48	230597
850.00	61.52	230918
850.00	61.59	231239
850.00	61.59	231559
850.00	61.59	231879
850.00	61.62	232199
850.00	61.65	232521
850.00	61.65	232841
850.00	61.69	233161
850.00	61.72	233482
850.00	61.72	233802
850.00	61.76	234122
850.00	61.79	234443
850.00	61.83	234763
850.00	61.83	235083
850.00	61.83	235405
850.00	61.83	235725
850.00	61.89	236045
850.00	61.89	236365
850.00	61.89	236686
850.00	61.93	237007
850.00	61.93	237327
850.00	61.96	237648
850.00	61.96	237968
850.00	61.96	238288
850.00	62.00	238609
850.00	62.03	238929
850.00	62.00	239249
850.00	62.03	239570
850.00	62.06	239891
850.00	62.06	240211
850.00	62.06	240532
850.00	62.13	240852
850.00	62.10	241172
850.00	62.10	241493
850.00	62.10	241813
850.00	62.13	242135
850.00	62.13	242455
850.00	62.13	242776
850.00	62.13	243096
850.00	62.13	243417
850.00	62.17	243738
850.00	62.13	244058
850.00	62.17	244378
850.00	62.20	244699
850.00	62.17	245019
850.00	62.17	245339
850.00	62.17	245660
850.00	62.24	245980
850.00	62.20	246301
850.00	62.20	246621
850.00	62.24	246941
850.00	62.20	247261
850.00	62.24	247582
850.00	62.20	247902
850.00	62.24	248222
850.00	62.24	248543
850.00	62.24	248864
850.00	62.24	249185
850.00	62.24	249505
850.00	62.24	249826
850.00	62.24	250146
850.00	62.27	250466
850.00	62.24	250787
850.00	62.24	251107
850.00	62.24	251427
850.00	62.24	251748
850.00	62.24	252068
850.00	62.24	252388
850.00	62.20	252709
850.00	62.24	253029
850.00	62.24	253350
850.00	62.20	253670
850.00	62.20	253991
850.00	62.20	254311
850.00	62.20	254632
850.00	62.20	254952
850.00	62.20	255272
850.00	62.20	255593
850.00	62.20	255913
850.00	62.17	256233
850.00	62.17	256553
850.00	62.17	256874
850.00	62.17	257195
850.00	62.13	257515
850.00	62.13	257836
850.00	62.13	258156
850.00	62.10	258476
850.00	62.10	258797
850.00	62.13	259117
850.00	62.10	259437
850.00	62.10	259758
850.00	62.06	260079
850.00	62.06	260399
850.00	62.10	260719
850.00	62.06	261040
850.00	62.06	261360
850.00	62.03	261680
850.00	62.03	262001
850.00	62.00	262322
850.00	62.03	262642
850.00	62.00	262963
850.00	61.96	263283
850.00	61.96	263603
850.00	61.93	263925
850.00	61.96	264245
850.00	61.93	264566
850.00	61.93	264887
850.00	61.89	265207
850.00	61.93	265527
850.00	61.89	265847
850.00	61.86	266168
850.00	61.86	266488
850.00	61.86	266809
850.00	61.83	267130
850.00	61.83	267450
850.00	61.83	267770
850.00	61.83	268091
850.00	61.79	268411
850.00	61.79	268731
850.00	61.76	269053
850.00	61.76	269373
850.00	61.72	269694
850.00	61.76	270014
850.00	61.72	270335
850.00	61.72	270655
850.00	61.72	270976
850.00	61.69	271296
850.00	61.69	271616
850.00	61.69	271937
850.00	61.65	272257
850.00	61.62	272577
850.00	61.62	272898
850.00	61.59	273219
850.00	61.59	273539
850.00	61.55	273859
850.00	61.55	274180
850.00	61.55	274500
850.00	61.52	274820
850.00	61.48	275142
850.00	61.45	275462
850.00	61.38	275782
850.00	61.38	276103
850.00	61.31	276423
850.00	61.24	276743
850.00	61.18	277064
850.00	61.14	277385
850.00	61.11	277705
850.00	61.04	278025
850.00	60.97	278346
850.00	60.94	278666
850.00	60.87	278986
850.00	60.83	279307
850.00	60.77	279627
850.00	60.70	279947
850.00	60.63	280268
850.00	60.63	280589
850.00	60.56	280909
850.00	60.53	281229
850.00	60.46	281549
850.00	60.42	281871
850.00	60.39	282191
850.00	60.32	282511
850.00	60.32	282832
850.00	60.25	283152
850.00	60.25	283472
850.00	60.25	283793
850.00	60.25	284113
850.00	60.22	284434
850.00	60.22	284755
850.00	60.22	285075
850.00	60.22	285395
850.00	60.25	285716
850.00	60.25	286036
850.00	60.25	286357
850.00	60.29	286678
850.00	60.32	286998
850.00	60.36	287318
850.00	60.39	287639
850.00	60.39	287959
850.00	60.42	288279
850.00	60.42	288601
850.00	60.53	288921
850.00	60.56	289241
850.00	60.63	289562
850.00	60.66	289882
850.00	60.66	290202
850.00	60.70	290523
850.00	60.73	290843
850.00	60.80	291164
850.00	60.80	291485
850.00	60.87	291805
850.00	60.90	292126
850.00	60.97	292446
850.00	61.00	292766
850.00	61.04	293087
850.00	61.11	293408
850.00	61.14	293728
850.00	61.18	294049
850.00	61.21	294369
850.00	61.31	294689
850.00	61.38	295010
850.00	61.45	295330
850.00	61.45	295650
850.00	61.55	295971
850.00	61.62	296292
850.00	61.65	296612
850.00	61.72	296932
850.00	61.79	297253
850.00	61.86	297573
850.00	61.89	297893
850.00	62.00	298215
850.00	62.03	298535
850.00	62.13	298855
850.00	62.20	299175
850.00	62.24	299496
850.00	62.30	299816
850.00	62.37	300137
850.00	62.44	300457
850.00	62.51	300777
850.00	62.51	301097
850.00	62.61	301418
850.00	62.65	301738
850.00	62.71	302058
850.00	62.75	302379
850.00	62.82	302700
850.00	62.89	303020
850.00	62.92	303341
850.00	62.99	303662
850.00	63.02	303983
850.00	63.09	304304
850.00	63.16	304624
850.00	63.19	304944
850.00	63.26	305265
850.00	63.33	305585
850.00	63.36	305905
850.00	63.43	306225
850.00	63.47	306547
850.00	63.54	306868
850.00	63.57	307188
850.00	63.64	307508
850.00	63.71	307829
850.00	63.78	308149
850.00	63.81	308469
850.00	63.88	308790
850.00	63.91	309111
850.00	63.98	309432
850.00	64.02	309752
850.00	64.05	310072
850.00	64.12	310393
850.00	64.15	310713
850.00	64.22	311033
850.00	64.25	311354
850.00	64.29	311675
850.00	64.36	311995
850.00	64.39	312315
850.00	64.46	312636
850.00	64.46	312956
850.00	64.53	313277
850.00	64.60	313598
850.00	64.63	313918
850.00	64.67	314238
850.00	64.70	314559
850.00	64.73	314879
850.00	64.80	315199
850.00	64.84	315520
850.00	64.87	315841
850.00	64.94	316161
850.00	64.94	316481
850.00	65.01	316802
850.00	65.08	317122
850.00	65.11	317442
850.00	65.14	317763
850.00	65.18	318083
850.00	65.25	318404
850.00	65.25	318725
850.00	65.28	319045
850.00	65.38	319366
850.00	65.38	319686
850.00	65.45	320007
850.00	65.49	320327
850.00	65.52	320648
850.00	65.59	320968
850.00	65.62	321288
850.00	65.62	321608
850.00	65.69	321929
850.00	65.73	322249
850.00	65.76	322570
850.00	65.80	322891
850.00	65.86	323211
850.00	65.90	323531
850.00	65.93	323852
850.00	65.97	324172
850.00	66.00	324493
850.00	66.07	324814
850.00	66.10	325134
850.00	66.10	325455
850.00	66.17	325775
850.00	66.21	326096
850.00	66.21	326416
850.00	66.31	326737
850.00	66.31	327057
850.00	66.34	327378
850.00	66.38	327698
850.00	66.41	328018
850.00	66.45	328338
850.00	66.48	328659
850.00	66.51	328980
850.00	66.55	329300
850.00	66.55	329622
850.00	66.58	329942
850.00	66.62	330262
850.00	66.69	330583
850.00	66.72	330904
850.00	66.75	331224
850.00	66.79	331544
850.00	66.79	331866
850.00	66.82	332186
850.00	66.82	332506
850.00	66.93	332827
850.00	66.93	333147
850.00	66.93	333467
850.00	66.99	333788
850.00	66.99	334109
850.00	67.06	334430
850.00	67.06	334750
850.00	67.10	335070
850.00	67.13	335391
850.00	67.17	335712
850.00	67.20	336032
850.00	67.20	336352
850.00	67.27	336673
850.00	67.27	336993
850.00	67.30	337313
850.00	67.34	337634
850.00	67.34	337954
850.00	67.40	338274
850.00	67.37	338595
850.00	67.40	338915
850.00	67.47	339236
850.00	67.47	339556
850.00	67.51	339876
850.00	67.58	340197
850.00	67.58	340517
850.00	67.61	340837
850.00	67.68	341158
850.00	67.68	341478
850.00	67.68	341798
850.00	67.75	342119
850.00	67.75	342440
850.00	67.82	342760
850.00	67.82	343081
850.00	67.85	343401
850.00	67.88	343721
850.00	67.95	344041
850.00	67.95	344362
850.00	67.99	344682
850.00	68.02	345002
850.00	68.06	345324
850.00	68.06	345645
850.00	68.12	345965
850.00	68.16	346285
850.00	68.19	346606
850.00	68.26	346926
850.00	68.26	347247
850.00	68.30	347567
850.00	68.33	347887
850.00	68.33	348208
850.00	68.40	348528
850.00	68.43	348848
850.00	68.47	349170
850.00	68.50	349490
850.00	68.54	349810
850.00	68.54	350131
850.00	68.57	350451
850.00	68.60	350771
850.00	68.67	351091
850.00	68.67	351412
850.00	68.67	351732
850.00	68.74	352053
850.00	68.74	352374
850.00	68.81	352694
850.00	68.81	353014
850.00	68.84	353335
850.00	68.91	353655
850.00	68.91	353975
850.00	68.95	354296
850.00	68.98	354617
850.00	69.02	354937
850.00	69.08	355257
850.00	69.05	355578
850.00	69.12	355898
850.00	69.12	356219
850.00	69.15	356540
850.00	69.19	356860
850.00	69.22	357180
850.00	69.26	357500
850.00	69.26	357821
850.00	69.29	358142
850.00	69.32	358463
850.00	69.36	358783
850.00	69.39	359103
850.00	69.39	359424
850.00	69.46	359744
850.00	69.50	360064
850.00	69.50	360385
850.00	69.53	360706
850.00	69.56	361026
850.00	69.60	361347
850.00	69.60	361667
850.00	69.63	361987
850.00	69.63	362308
850.00	69.67	362628
850.00	69.70	362949
850.00	69.74	363270
850.00	69.74	363590
850.00	69.77	363911
850.00	69.80	364231
850.00	69.84	364551
850.00	69.84	364871
850.00	69.91	365192
850.00	69.87	365513
850.00	69.94	365833
850.00	69.91	366154
850.00	69.98	366474
850.00	69.98	366794
850.00	70.01	367114
850.00	70.04	367435
850.00	70.08	367756
850.00	70.08	368076
850.00	70.11	368397
850.00	70.15	368717
850.00	70.15	369037
850.00	70.22	369358
850.00	70.18	369678
850.00	70.25	369999
850.00	70.25	370320
850.00	70.28	370640
850.00	70.28	370960
850.00	70.32	371281
850.00	70.32	371601
850.00	70.35	371921
850.00	70.39	372243
850.00	70.42	372563
850.00	70.42	372883
850.00	70.42	373204
850.00	70.49	373524
850.00	70.49	373844
850.00	70.52	374165
850.00	70.52	374485
850.00	70.56	374805
850.00	70.59	375125
850.00	70.59	375446
850.00	70.63	375766
850.00	70.63	376087
850.00	70.66	376408
850.00	70.66	376728
850.00	70.70	377048
850.00	70.70	377369
850.00	70.73	377689
850.00	70.76	378009
850.00	70.76	378331
850.00	70.80	378651
850.00	70.83	378972
850.00	70.87	379292
850.00	70.83	379613
850.00	70.87	379933
850.00	70.90	380253
850.00	70.90	380574
850.00	70.94	380895
850.00	70.94	381215
850.00	70.97	381535
850.00	70.97	381856
850.00	71.04	382177
850.00	71.00	382497
850.00	71.00	382818
850.00	71.04	383138
850.00	71.07	383459
850.00	71.11	383779
850.00	71.07	384099
850.00	71.07	384420
850.00	71.07	384740
850.00	71.18	385061
850.00	71.11	385382
850.00	71.18	385702
850.00	71.18	386022
850.00	71.21	386343
850.00	71.24	386663
850.00	71.24	386983
850.00	71.24	387303
850.00	71.24	387624
850.00	71.28	387945
850.00	71.28	388266
850.00	71.28	388586
850.00	71.31	388907
850.00	71.35	389227
850.00	71.35	389548
850.00	71.35	389868
850.00	71.38	390189
850.00	71.35	390509
850.00	71.42	390830
850.00	71.42	391150
850.00	71.45	391471
850.00	71.45	391792
850.00	71.45	392113
850.00	71.45	392433
850.00	71.48	392753
850.00	71.48	393074
850.00	71.52	393394
850.00	71.48	393714
850.00	71.55	394036
850.00	71.55	394356
850.00	71.55	394676
850.00	71.59	394997
850.00	71.55	395317
850.00	71.59	395637
850.00	71.66	395958
850.00	71.62	396279
850.00	71.62	396599
850.00	71.69	396920
850.00	71.69	397240
850.00	71.69	397561
850.00	71.69	397881
850.00	71.69	398201
850.00	71.72	398522
850.00	71.79	398843
850.00	71.76	399163
850.00	71.79	399484
850.00	71.79	399804
850.00	71.83	400125
850.00	71.86	400372
850.00	71.83	400619
850.00	71.86	400867
850.00	71.86	401114
850.00	71.86	401361
850.00	71.90	401608
850.00	71.93	401856
850.00	71.93	402103
850.00	71.90	402351
850.00	71.93	402598
850.00	71.96	402845
850.00	72.00	403093
850.00	72.00	403340
850.00	72.03	403587
850.00	72.03	403834
850.00	72.00	404081
850.00	72.03	404328
850.00	72.03	404575
850.00	72.07	404822
850.00	72.03	405070
850.00	72.07	405317
850.00	72.10	405564
850.00	72.07	405812
850.00	72.07	406059
850.00	72.14	406306
850.00	72.14	406553
850.00	72.14	406800
850.00	72.17	407047
850.00	72.17	407294
850.00	72.17	407542
850.00	72.17	407789
850.00	72.17	408036
850.00	72.20	408284
850.00	72.24	408531
850.00	72.20	408778
850.00	72.20	409025
850.00	72.20	409272
850.00	72.24	409519
850.00	72.24	409766
850.00	72.20	410014
850.00	72.24	410261
850.00	72.20	410508
850.00	72.20	410755
850.00	72.24	411002
850.00	72.20	411249
850.00	72.20	411497
850.00	72.20	411744
850.00	72.20	411991
850.00	72.17	412238
850.00	72.14	412486
850.00	72.10	412733
850.00	72.10	412980
850.00	72.10	413227
850.00	72.03	413474
850.00	72.03	413721
850.00	72.00	413968
850.00	72.00	414216
850.00	71.90	414463
850.00	71.86	414710
850.00	71.79	414958
850.00	71.76	415205
850.00	71.72	415452
850.00	71.66	415699
850.00	71.62	415946
850.00	71.59	416193
850.00	71.48	416441
850.00	71.38	416688
850.00	71.31	416935
850.00	71.24	417182
850.00	71.14	417429
850.00	71.00	417676
850.00	70.94	417924
850.00	70.83	418171
850.00	70.76	418418
850.00	70.63	418665
850.00	70.52	418912
850.00	70.42	419159
850.00	70.28	419406
850.00	70.15	419653
850.00	70.01	419901
850.00	69.84	420148
850.00	69.67	420396
850.00	69.53	420643
850.00	69.39	420890
850.00	69.22	421137
850.00	69.05	421384
850.00	68.84	421631
850.00	68.67	421878
850.00	68.47	422126
850.00	68.23	422373
850.00	68.06	422620
850.00	67.82	422868
850.00	67.58	423115
850.00	67.34	423362
850.00	67.06	423609
850.00	66.82	423856
850.00	66.58	424104
850.00	66.34	424351
850.00	66.07	424598
850.00	65.83	424845
850.00	65.59	425092
850.00	65.32	425340
850.00	65.04	425587
850.00	64.80	425834
850.00	64.53	426081
850.00	64.29	426328
850.00	64.02	426575
850.00	63.78	426822
850.00	63.50	427070
850.00	63.30	427317
850.00	63.02	427564
850.00	62.75	427811
850.00	62.51	428058
850.00	62.24	428306
850.00	62.00	428553
850.00	61.76	428800
850.00	61.48	429047
850.00	61.21	429294
850.00	60.94	429541
850.00	60.70	429789
850.00	60.46	430036
850.00	60.22	430283
850.00	59.98	430530
850.00	59.74	430777
850.00	59.47	431024
850.00	59.23	431271
850.00	58.99	431519
850.00	58.75	431766
850.00	58.51	432013
850.00	58.27	432260
850.00	58.03	432507
850.00	57.79	432755
850.00	57.55	433002
850.00	57.28	433249
850.00	57.07	433496
850.00	56.80	433743
850.00	56.60	433991
850.00	56.32	434238
850.00	56.08	434485
850.00	55.85	434732
850.00	55.57	434979
850.00	55.33	435227
850.00	55.09	435474
850.00	54.86	435721
850.00	54.62	435968
850.00	54.38	436215
850.00	54.14	436462
850.00	53.93	436709
850.00	53.73	436957
850.00	53.42	437204
850.00	53.22	437451
850.00	53.01	437698
850.00	52.74	437945
850.00	52.54	438193
850.00	52.26	438440
850.00	52.02	438687
850.00	51.82	438935
850.00	51.58	439182
850.00	51.34	439429
850.00	51.10	439676
850.00	50.87	439923
850.00	50.66	440170
850.00	50.42	440418
850.00	50.18	440665
850.00	49.94	440912
850.00	49.74	441159
850.00	49.47	441406
850.00	49.26	441653
850.00	49.06	441901
850.00	48.85	442148
850.00	48.62	442395
850.00	48.41	442642
850.00	48.14	442889
850.00	47.93	443136
850.00	47.73	443383
850.00	47.53	443631
850.00	47.29	443878
850.00	47.08	444125
850.00	46.88	444373
850.00	46.71	444620
850.00	46.47	444867
850.00	46.30	445114
850.00	46.13	445361
850.00	45.89	445608
850.00	45.69	445856
850.00	45.52	446103
850.00	45.28	446350
850.00	45.11	446597
850.00	44.90	446845
850.00	44.73	447092
850.00	44.53	447339
850.00	44.36	447586
850.00	44.19	447833
850.00	44.02	448080
850.00	43.82	448328
850.00	43.65	448575
850.00	43.48	448822
850.00	43.31	449070
850.00	43.17	449317
850.00	42.97	449564
850.00	42.80	449811
850.00	42.66	450058
850.00	42.52	450305
850.00	42.35	450553
850.00	42.18	450800
850.00	42.05	451047
850.00	41.91	451294
850.00	41.74	451542
850.00	41.61	451789
850.00	41.47	452036
850.00	41.33	452283
850.00	41.20	452531
850.00	41.06	452778
850.00	40.96	453025
850.00	40.82	453272
850.00	40.69	453519
850.00	40.55	453767
850.00	40.45	454014
850.00	40.35	454261
850.00	40.21	454508
850.00	40.08	454755
850.00	39.97	455002
850.00	39.84	455250
850.00	39.77	455497
850.00	39.63	455744
850.00	39.57	455991
850.00	39.46	456238
850.00	39.33	456486
850.00	39.23	456733
850.00	39.13	456980
850.00	39.02	457227
850.00	38.92	457474
850.00	38.85	457722
850.00	38.75	457969
850.00	38.68	458216
850.00	38.58	458463
850.00	38.45	458710
850.00	38.34	458958
850.00	38.24	459205
850.00	38.17	459452
850.00	38.04	459700
850.00	37.94	459947
850.00	37.90	460194
850.00	37.77	460442
850.00	37.73	460689
850.00	37.63	460936
850.00	37.53	461183
850.00	37.43	461431
850.00	37.33	461678
850.00	37.26	461925
850.00	37.19	462172
850.00	37.09	462419
850.00	37.02	462666
850.00	36.92	462914
850.00	36.85	463161
850.00	36.78	463408
850.00	36.71	463656
850.00	36.61	463903
850.00	36.54	464150
850.00	36.48	464397
850.00	36.37	464644
850.00	36.31	464891
850.00	36.24	465138
850.00	36.17	465385
850.00	36.10	465633
850.00	36.00	465880
850.00	35.93	466127
850.00	35.87	466374
850.00	35.80	466621
850.00	35.76	466868
850.00	35.66	467115
850.00	35.63	467363
850.00	35.56	467610
850.00	35.53	467857
850.00	35.42	468104
850.00	35.39	468352
850.00	35.32	468599
850.00	35.25	468846
850.00	35.22	469093
850.00	35.15	469340
850.00	35.09	469587
850.00	35.05	469834
850.00	35.02	470082
850.00	34.95	470329
850.00	34.88	470577
850.00	34.85	470824
850.00	34.81	471071
850.00	34.78	471318
850.00	34.71	471565
850.00	34.68	471812
850.00	34.61	472059
850.00	34.58	472307
850.00	34.54	472554
850.00	34.47	472801
850.00	34.44	473048
850.00	34.37	473296
850.00	34.34	473543
850.00	34.31	473790
850.00	34.24	474037
850.00	34.24	474284
850.00	34.17	474531
850.00	34.14	474779
850.00	34.10	475026
850.00	34.10	475273
850.00	34.00	475520
850.00	34.00	475767
850.00	33.93	476015
850.00	33.86	476262
850.00	33.83	476509
850.00	33.80	476756
850.00	33.80	477004
850.00	33.73	477251
850.00	33.66	477498
850.00	33.69	477745
850.00	33.63	477992
850.00	33.59	478239
850.00	33.59	478487
850.00	33.52	478734
850.00	33.46	478981
850.00	33.42	479228
850.00	33.42	479476
850.00	33.36	479723
850.00	33.36	479970
850.00	33.32	480218
850.00	33.25	480465
850.00	33.22	480712
850.00	33.22	480959
850.00	33.19	481206
850.00	33.15	481453
850.00	33.12	481701
850.00	33.05	481948
850.00	33.05	482195
850.00	32.98	482442
850.00	32.95	482690
850.00	32.91	482937
850.00	32.88	483184
850.00	32.81	483431
850.00	32.78	483678
850.00	32.78	483926
850.00	32.71	484173
850.00	32.71	484420
850.00	32.64	484667
850.00	32.64	484914
850.00	32.58	485162
850.00	32.54	485409
850.00	32.47	485657
850.00	32.44	485904
850.00	32.41	486151
850.00	32.37	486398
850.00	32.37	486645
850.00	32.27	486893
850.00	32.24	487140
850.00	32.20	487387
850.00	32.17	487634
850.00	32.17	487881
850.00	32.13	488128
850.00	32.07	488375
850.00	32.03	488622
850.00	32.03	488870
850.00	32.00	489117
850.00	31.93	489364
850.00	31.93	489611
850.00	31.90	489859
850.00	31.86	490106
850.00	31.86	490353
850.00	31.80	490600
850.00	31.76	490847
850.00	31.76	491094
850.00	31.73	491342
850.00	31.69	491589
850.00	31.63	491836
850.00	31.63	492083
850.00	31.59	492331
850.00	31.56	492578
850.00	31.52	492825
850.00	31.46	493072
850.00	31.46	493319
850.00	31.42	493566
850.00	31.39	493814
850.00	31.36	494061
850.00	31.32	494308
850.00	31.29	494555
850.00	31.25	494802
850.00	31.22	495050
850.00	31.19	495297
850.00	31.19	495544
850.00	31.15	495791
850.00	31.12	496038
850.00	31.05	496286
850.00	31.05	496533
850.00	31.05	496780
850.00	30.98	497027
850.00	30.95	497274
850.00	30.95	497522
850.00	30.91	497769
850.00	30.85	498016
850.00	30.85	498263
850.00	30.85	498510
850.00	30.81	498757
850.00	30.81	499004
850.00	30.75	499252
850.00	30.75	499499
850.00	30.71	499746
850.00	30.71	499993
850.00	30.64	500240
850.00	30.64	500487
850.00	30.61	500734
850.00	30.58	500982
850.00	30.54	501229
850.00	30.54	501476
850.00	30.54	501723
850.00	30.51	501970
850.00	30.51	502217
850.00	30.51	502464
850.00	30.47	502712
850.00	30.41	502959
850.00	30.37	503206
850.00	30.37	503453
850.00	30.37	503700
850.00	30.34	503947
850.00	30.34	504194
850.00	30.27	504441
850.00	30.27	504689
850.00	30.27	504936
850.00	30.24	505183
850.00	30.20	505430
850.00	30.17	505677
850.00	30.17	505924
850.00	30.14	506171
850.00	30.10	506419
850.00	30.10	506666
850.00	30.07	506913
850.00	30.03	507160
850.00	30.03	507407
850.00	29.97	507655
850.00	29.97	507902
850.00	29.93	508149
850.00	29.93	508396
850.00	29.86	508643
850.00	29.86	508891
850.00	29.86	509138
850.00	29.80	509385
850.00	29.76	509632
850.00	29.76	509879
850.00	29.73	510126
850.00	29.70	510373
850.00	29.66	510621
850.00	29.63	510868
850.00	29.63	511115
850.00	29.56	511362
850.00	29.56	511609
850.00	29.53	511856
850.00	29.49	512103
850.00	29.49	512350
850.00	29.46	512597
850.00	29.42	512845
850.00	29.39	513092
850.00	29.42	513339
850.00	29.36	513586
850.00	29.36	513833
850.00	29.32	514080
850.00	29.29	514328
850.00	29.25	514575
850.00	29.25	514822
850.00	29.22	515069
850.00	29.22	515316
850.00	29.19	515563
850.00	29.19	515811
850.00	29.12	516058
850.00	29.12	516305
850.00	29.09	516552
850.00	29.09	516799
850.00	29.09	517046
850.00	29.09	517293
850.00	29.02	517541
850.00	29.02	517788
850.00	28.98	518035
850.00	28.98	518282
850.00	28.95	518529
850.00	28.92	518776
850.00	28.92	519024
850.00	28.88	519271
850.00	28.88	519518
850.00	28.85	519765
850.00	28.81	520012
850.00	28.81	520259
850.00	28.78	520506
850.00	28.75	520754
850.00	28.71	521001
850.00	28.71	521248
850.00	28.71	521495
850.00	28.68	521742
850.00	28.65	521989
850.00	28.65	522237
850.00	28.65	522484
850.00	28.61	522731
850.00	28.58	522978
850.00	28.54	523226
850.00	28.54	523473
850.00	28.51	523720
850.00	28.48	523967
850.00	28.48	524215
850.00	28.44	524462
850.00	28.48	524710
850.00	28.44	524957
850.00	28.41	525204
850.00	28.37	525451
850.00	28.37	525699
850.00	28.37	525946
850.00	28.34	526193
850.00	28.31	526440
850.00	28.31	526687
850.00	28.31	526934
850.00	28.24	527182
850.00	28.24	527429
850.00	28.21	527676
850.00	28.21	527923
850.00	28.21	528170
850.00	28.17	528418
850.00	28.17	528665
850.00	28.14	528912
850.00	28.10	529159
850.00	28.10	529406
850.00	28.07	529654
850.00	28.07	529901
850.00	28.04	530148
850.00	28.04	530395
850.00	28.00	530642
850.00	27.97	530890
850.00	27.97	531137
850.00	27.93	531385
850.00	27.90	531632
850.00	27.90	531879
850.00	27.90	532127
850.00	27.87	532374
850.00	27.87	532621
850.00	27.83	532869
850.00	27.80	533116
850.00	27.76	533363
850.00	27.76	533610
850.00	27.73	533857
850.00	27.73	534104
850.00	27.73	534351
850.00	27.73	534599
850.00	27.70	534846
850.00	27.66	535093
850.00	27.63	535340
850.00	27.63	535587
850.00	27.60	535834
850.00	27.60	536081
850.00	27.56	536328
850.00	27.56	536576
850.00	27.53	536823
850.00	27.53	537070
850.00	27.49	537317
850.00	27.49	537565
850.00	27.49	537812
850.00	27.46	538059
850.00	27.43	538306
850.00	27.43	538553
850.00	27.39	538800
850.00	27.39	539047
850.00	27.36	539295
850.00	27.36	539542
850.00	27.32	539789
850.00	27.32	540036
850.00	27.32	540283
850.00	27.32	540530
850.00	27.29	540777
850.00	27.26	541025
850.00	27.22	541272
850.00	27.22	541519
850.00	27.22	541766
850.00	27.22	542013
850.00	27.19	542261
850.00	27.16	542508
850.00	27.16	542755
850.00	27.16	543002
850.00	27.16	543249
850.00	27.12	543496
850.00	27.09	543743
850.00	27.09	543991
850.00	27.05	544238
850.00	27.05	544485
850.00	27.02	544732
850.00	27.02	544979
850.00	27.02	545226
850.00	27.02	545473
850.00	26.95	545720
850.00	26.99	545968
850.00	26.92	546215
850.00	26.95	546463
850.00	26.95	546710
850.00	26.95	546957
850.00	26.92	547204
850.00	26.88	547451
850.00	26.88	547698
850.00	26.88	547945
850.00	26.85	548193
850.00	26.85	548440
850.00	26.82	548687
850.00	26.85	548934
850.00	26.82	549182
850.00	26.82	549429
850.00	26.82	549676
850.00	26.78	549923
850.00	26.78	550170
850.00	26.72	550418
850.00	26.75	550665
850.00	26.75	550912
850.00	26.75	551159
850.00	26.72	551406
850.00	26.68	551654
850.00	26.68	551901
850.00	26.68	552148
850.00	26.65	552395
850.00	26.65	552643
850.00	26.65	552890
850.00	26.65	553137
850.00	26.61	553385
850.00	26.61	553632
850.00	26.58	553879
850.00	26.58	554126
850.00	26.55	554374
850.00	26.58	554621
850.00	26.58	554868
850.00	26.55	555116
850.00	26.55	555363
850.00	26.51	555610
850.00	26.51	555858
850.00	26.51	556105
850.00	26.51	556352
850.00	26.48	556599
850.00	26.48	556846
850.00	26.48	557093
850.00	26.44	557340
850.00	26.44	557588
850.00	26.44	557835
850.00	26.41	558082
850.00	26.38	558329
850.00	26.38	558576
850.00	26.38	558824
850.00	26.38	559071
850.00	26.34	559318
850.00	26.34	559565
850.00	26.34	559812
850.00	26.34	560059
850.00	26.31	560307
850.00	26.31	560554
850.00	26.31	560801
850.00	26.28	561048
850.00	26.31	561295
850.00	26.28	561543
850.00	26.28	561790
850.00	26.28	562037
850.00	26.24	562284
850.00	26.24	562531
850.00	26.21	562778
850.00	26.21	563025
850.00	26.21	563272
850.00	26.17	563520
850.00	26.21	563767
850.00	26.17	564014
850.00	26.14	564261
850.00	26.17	564508
850.00	26.14	564755
850.00	26.11	565002
850.00	26.11	565250
850.00	26.14	565497
850.00	26.14	565744
850.00	26.07	565991
850.00	26.11	566239
850.00	26.11	566486
850.00	26.11	566733
850.00	26.11	566980
850.00	26.04	567227
850.00	26.04	567474
850.00	26.04	567721
850.00	26.04	567968
850.00	26.04	568216
850.00	26.00	568463
850.00	26.00	568710
850.00	26.00	568958
850.00	25.97	569205
850.00	25.97	569452
850.00	25.94	569699
850.00	25.94	569946
850.00	25.94	570193
850.00	25.94	570440
850.00	25.90	570688
850.00	25.90	570935
850.00	25.90	571182
850.00	25.87	571429
850.00	25.87	571676
850.00	25.84	571923
850.00	25.84	572170
850.00	25.84	572417
850.00	25.84	572665
850.00	25.84	572912
850.00	25.80	573159
850.00	25.80	573407
850.00	25.80	573654
850.00	25.80	573901
850.00	25.77	574148
850.00	25.77	574395
850.00	25.73	574642
850.00	25.73	574889
850.00	25.70	575136
850.00	25.70	575384
850.00	25.70	575631
850.00	25.70	575878
850.00	25.70	576125
850.00	25.67	576372
850.00	25.67	576619
850.00	25.67	576866
850.00	25.63	577114
850.00	25.63	577361
850.00	25.63	577608
850.00	25.60	577856
850.00	25.63	578103
850.00	25.63	578350
850.00	25.60	578597
850.00	25.60	578845
850.00	25.60	579092
850.00	25.60	579339
850.00	25.57	579586
850.00	25.57	579833
850.00	25.57	580080
850.00	25.57	580327
850.00	25.60	580575
850.00	25.57	580822
850.00	25.57	581069
850.00	25.57	581316
850.00	25.53	581564
850.00	25.57	581811
850.00	25.53	582059
850.00	25.53	582306
850.00	25.50	582553
850.00	25.53	582800
850.00	25.50	583047
850.00	25.50	583294
850.00	25.50	583542
850.00	25.50	583789
850.00	25.50	584036
850.00	25.46	584283
850.00	25.46	584530
850.00	25.50	584777
850.00	25.43	585024
850.00	25.46	585272
850.00	25.46	585519
850.00	25.43	585766
850.00	25.46	586013
850.00	25.46	586260
850.00	25.43	586507
850.00	25.43	586754
850.00	25.43	587002
850.00	25.40	587249
850.00	25.40	587496
850.00	25.40	587743
850.00	25.40	587990
850.00	25.40	588237
850.00	25.43	588484
850.00	25.40	588731
850.00	25.40	588979
850.00	25.36	589226
850.00	25.36	589473
850.00	25.36	589720
850.00	25.36	589967
850.00	25.36	590215
850.00	25.36	590462
850.00	25.33	590709
850.00	25.36	590956
850.00	25.33	591203
850.00	25.33	591450
850.00	25.33	591697
850.00	25.33	591945
850.00	25.33	592192
850.00	25.29	592439
850.00	25.33	592686
850.00	25.33	592933
850.00	25.26	593181
850.00	25.29	593428
850.00	25.29	593675
850.00	25.29	593922
850.00	25.26	594169
850.00	25.26	594416
850.00	25.26	594663
850.00	25.26	594911
850.00	25.26	595158
850.00	25.26	595405
850.00	25.26	595652
850.00	25.23	595899
850.00	25.23	596146
850.00	25.23	596393
850.00	25.23	596641
850.00	25.23	596888
850.00	25.19	597135
850.00	25.19	597382
850.00	25.19	597629
850.00	25.19	597876
850.00	25.19	598123
850.00	25.19	598370
850.00	25.19	598617
850.00	25.19	598865
850.00	25.19	599112
850.00	25.16	599359
850.00	25.16	599606
850.00	25.16	599853
850.00	25.16	600101
850.00	25.13	600348
850.00	25.13	600595
850.00	25.13	600842
850.00	25.13	601090
850.00	25.13	601337
850.00	25.13	601584
850.00	25.09	601831
850.00	25.13	602078
850.00	25.09	602325
850.00	25.09	602573
850.00	25.09	602820
850.00	25.06	603067
850.00	25.06	603314
850.00	25.06	603561
850.00	25.06	603808
850.00	25.02	604055
850.00	25.06	604303
850.00	25.06	604550
850.00	25.02	604797
850.00	25.06	605044
850.00	25.02	605291
850.00	25.02	605539
850.00	24.99	605786
850.00	25.02	606033
850.00	25.02	606280
850.00	25.02	606528
850.00	25.02	606775
850.00	24.99	607022
850.00	24.99	607269
850.00	24.99	607516
850.00	24.96	607764
850.00	24.96	608011
850.00	24.96	608258
850.00	24.99	608506
850.00	24.96	608753
850.00	24.96	609000
850.00	24.96	609247
850.00	24.96	609494
850.00	24.96	609741
850.00	24.96	609989
850.00	24.92	610236
850.00	24.92	610483
850.00	24.92	610730
850.00	24.92	610978
850.00	24.89	611225
850.00	24.92	611472
850.00	24.92	611719
850.00	24.92	611966
850.00	24.89	612214
850.00	24.89	612462
850.00	24.85	612709
850.00	24.85	612956
850.00	24.85	613203
850.00	24.85	613450
850.00	24.85	613698
850.00	24.85	613945
850.00	24.82	614192
850.00	24.82	614439
850.00	24.85	614686
850.00	24.85	614934
850.00	24.82	615181
850.00	24.82	615428
850.00	24.79	615675
850.00	24.82	615923
850.00	24.85	616170
850.00	24.82	616417
850.00	24.79	616664
850.00	24.82	616911
850.00	24.79	617159
850.00	24.82	617406
850.00	24.79	617653
850.00	24.79	617900
850.00	24.75	618147
850.00	24.75	618395
850.00	24.79	618642
850.00	24.75	618889
850.00	24.75	619136
850.00	24.75	619383
850.00	24.75	619630
850.00	24.72	619878
850.00	24.72	620125
850.00	24.72	620372
850.00	24.72	620619
850.00	24.72	620867
850.00	24.69	621114
850.00	24.72	621361
850.00	24.72	621608
850.00	24.69	621855
850.00	24.69	622102
850.00	24.69	622349
850.00	24.69	622596
850.00	24.65	622844
850.00	24.69	623091
850.00	24.65	623338
850.00	24.62	623586
850.00	24.69	623833
850.00	24.65	624080
850.00	24.65	624327
850.00	24.65	624574
850.00	24.65	624821
850.00	24.62	625068
850.00	24.65	625316
850.00	24.62	625563
850.00	24.62	625810
850.00	24.58	626057
850.00	24.62	626304
850.00	24.58	626552
850.00	24.62	626799
850.00	24.58	627046
850.00	24.58	627293
850.00	24.62	627540
850.00	24.58	627787
850.00	24.58	628035
850.00	24.58	628282
850.00	24.58	628529
850.00	24.55	628776
850.00	24.58	629023
850.00	24.55	629270
850.00	24.55	629517
850.00	24.55	629764
850.00	24.55	630012
850.00	24.55	630259
850.00	24.55	630507
850.00	24.55	630754
850.00	24.52	631001
850.00	24.55	631248
850.00	24.52	631495
850.00	24.52	631742
850.00	24.52	631989
850.00	24.52	632236
850.00	24.52	632484
850.00	24.48	632731
850.00	24.48	632978
850.00	24.52	633225
850.00	24.48	633472
850.00	24.48	633719
850.00	24.45	633967
850.00	24.45	634214
850.00	24.48	634461
850.00	24.45	634708
850.00	24.48	634955
850.00	24.45	635202
850.00	24.45	635450
850.00	24.45	635697
850.00	24.45	635944
850.00	24.45	636191
850.00	24.45	636438
850.00	24.41	636685
850.00	24.45	636932
850.00	24.45	637180
850.00	24.41	637427
850.00	24.38	637674
850.00	24.38	637921
850.00	24.41	638168
850.00	24.41	638416
850.00	24.38	638663
850.00	24.41	638911
850.00	24.41	639158
850.00	24.38	639405
850.00	24.41	639652
850.00	24.38	639899
850.00	24.38	640147
850.00	24.38	640394
850.00	24.35	640641
850.00	24.41	640888
850.00	24.38	641135
850.00	24.35	641382
850.00	24.38	641630
850.00	24.38	641877
850.00	24.35	642124
850.00	24.35	642372
850.00	24.35	642619
850.00	24.35	642866
850.00	24.35	643113
850.00	24.35	643360
850.00	24.35	643607
850.00	24.31	643854
850.00	24.35	644102
850.00	24.35	644349
850.00	24.35	644596
850.00	24.35	644843
850.00	24.31	645091
850.00	24.31	645338
850.00	24.31	645585
850.00	24.31	645832
850.00	24.31	646079
850.00	24.28	646326
850.00	24.28	646574
850.00	24.31	646821
850.00	24.28	647068
850.00	24.28	647315
850.00	24.28	647562
850.00	24.28	647809
850.00	24.31	648057
850.00	24.28	648304
850.00	24.25	648551
850.00	24.28	648798
850.00	24.25	649045
850.00	24.28	649292
850.00	24.28	649540
850.00	24.25	649787
850.00	24.28	650034
850.00	24.25	650281
850.00	24.25	650529
850.00	24.21	650776
850.00	24.25	651023
850.00	24.21	651270
850.00	24.21	651517
850.00	24.25	651765
850.00	24.21	652012
850.00	24.21	652259
850.00	24.21	652506
850.00	24.18	652753
850.00	24.18	653000
850.00	24.21	653247
850.00	24.18	653495
850.00	24.18	653742
850.00	24.21	653990
850.00	24.18	654237
850.00	24.18	654484
850.00	24.14	654731
850.00	24.18	654978
850.00	24.11	655226
850.00	24.14	655473
850.00	24.11	655720
850.00	24.14	655967
850.00	24.11	656215
850.00	24.14	656462
850.00	24.11	656709
850.00	24.14	656956
850.00	24.11	657203
850.00	24.08	657450
850.00	24.11	657697
850.00	24.08	657945
850.00	24.08	658192
850.00	24.08	658439
850.00	24.11	658687
850.00	24.11	658934
850.00	24.08	659181
850.00	24.08	659428
850.00	24.04	659675
850.00	24.04	659922
850.00	24.04	660169
850.00	24.04	660416
850.00	24.04	660664
850.00	24.04	660911
850.00	24.04	661159
850.00	24.04	661406
850.00	24.04	661653
850.00	24.04	661900
850.00	24.01	662147
850.00	24.01	662394
850.00	24.01	662642
850.00	24.01	662889
850.00	24.01	663136
850.00	24.01	663384
850.00	24.01	663631
850.00	24.01	663878
850.00	24.01	664126
850.00	23.94	664373
850.00	23.98	664620
850.00	23.98	664867
850.00	23.98	665114
850.00	23.98	665361
850.00	23.98	665608
850.00	23.98	665856
850.00	23.98	666103
850.00	23.94	666350
850.00	23.94	666597
850.00	23.94	666844
850.00	23.94	667091
850.00	23.94	667339
850.00	23.98	667587
850.00	23.98	667834
850.00	23.94	668081
850.00	23.94	668328
850.00	23.94	668575
850.00	23.94	668823
850.00	23.94	669070
850.00	23.94	669317
850.00	23.91	669564
850.00	23.91	669811
850.00	23.94	670058
850.00	23.91	670305
850.00	23.91	670553
850.00	23.91	670800
850.00	23.91	671048
850.00	23.87	671295
850.00	23.87	671542
850.00	23.87	671789
850.00	23.87	672036
850.00	23.87	672283
850.00	23.84	672530
850.00	23.84	672777
850.00	23.84	673025
850.00	23.87	673272
850.00	23.87	673519
850.00	23.84	673767
850.00	23.84	674014
850.00	23.87	674261
850.00	23.84	674508
850.00	23.84	674755
850.00	23.84	675002
850.00	23.81	675250
850.00	23.84	675497
850.00	23.81	675744
850.00	23.81	675992
850.00	23.77	676239
850.00	23.81	676486
850.00	23.77	676733
850.00	23.77	676980
850.00	23.81	677227
850.00	23.74	677475
850.00	23.77	677722
850.00	23.74	677969
850.00	23.74	678217
850.00	23.77	678464
850.00	23.74	678711
850.00	23.70	678958
850.00	23.70	679205
850.00	23.67	679452
850.00	23.70	679700
850.00	23.67	679947
850.00	23.64	680194
850.00	23.64	680441
850.00	23.64	680689
850.00	23.60	680936
850.00	23.60	681183
850.00	23.60	681430
850.00	23.60	681677
850.00	23.57	681925
850.00	23.60	682173
850.00	23.54	682420
850.00	23.54	682667
850.00	23.57	682914
850.00	23.54	683162
850.00	23.54	683409
850.00	23.54	683657
850.00	23.50	683904
850.00	23.54	684151
850.00	23.54	684398
850.00	23.50	684645
850.00	23.50	684892
850.00	23.50	685139
850.00	23.50	685387
850.00	23.50	685634
850.00	23.47	685881
850.00	23.47	686128
850.00	23.47	686375
850.00	23.50	686622
850.00	23.47	686869
850.00	23.50	687116
850.00	23.43	687364
850.00	23.47	687611
850.00	23.43	687858
850.00	23.47	688105
850.00	23.43	688353
850.00	23.47	688600
850.00	23.43	688847
850.00	23.50	689094
850.00	23.43	689341
850.00	23.43	689588
850.00	23.43	689835
850.00	23.43	690082
850.00	23.47	690330
850.00	23.43	690577
850.00	23.43	690824
850.00	23.43	691071
850.00	23.47	691319
850.00	23.47	691566
850.00	23.40	691813
850.00	23.43	692060
850.00	23.43	692307
850.00	23.40	692554
850.00	23.43	692802
850.00	23.40	693049
850.00	23.40	693296
850.00	23.43	693543
850.00	23.43	693790
850.00	23.40	694037
850.00	23.40	694284
850.00	23.43	694532
850.00	23.43	694779
850.00	23.40	695026
850.00	23.40	695273
850.00	23.40	695520
850.00	23.40	695767
850.00	23.40	696014
850.00	23.40	696261
850.00	23.40	696508
850.00	23.40	696756
850.00	23.40	697003
850.00	23.37	697250
850.00	23.37	697498
850.00	23.37	697745
850.00	23.37	697992
850.00	23.40	698240
850.00	23.37	698487
850.00	23.37	698734
850.00	23.37	698981
850.00	23.33	699228
850.00	23.37	699475
850.00	23.37	699723
850.00	23.37	699970
850.00	23.37	700217
850.00	23.37	700464
850.00	23.37	700711
850.00	23.33	700958
850.00	23.33	701205
850.00	23.33	701452
850.00	23.33	701700
850.00	23.30	701947
850.00	23.33	702194
850.00	23.33	702441
850.00	23.33	702688
850.00	23.33	702935
850.00	23.33	703183
850.00	23.33	703431
850.00	23.33	703678
850.00	23.33	703925
850.00	23.33	704173
850.00	23.30	704420
850.00	23.30	704667
850.00	23.30	704914
850.00	23.30	705161
850.00	23.30	705408
850.00	23.30	705655
850.00	23.30	705903
850.00	23.30	706150
850.00	23.30	706397
850.00	23.30	706645
850.00	23.27	706892
850.00	23.30	707139
850.00	23.30	707386
850.00	23.27	707633
850.00	23.27	707880
850.00	23.27	708127
850.00	23.27	708374
850.00	23.27	708622
850.00	23.27	708869
850.00	23.27	709116
850.00	23.27	709363
850.00	23.27	709611
850.00	23.27	709858
850.00	23.27	710105
850.00	23.23	710352
850.00	23.23	710599
850.00	23.23	710846
850.00	23.23	711094
850.00	23.23	711341
850.00	23.23	711588
850.00	23.23	711835
850.00	23.23	712082
850.00	23.20	712329
850.00	23.27	712577
850.00	23.23	712824
850.00	23.23	713071
850.00	23.23	713318
850.00	23.20	713565
850.00	23.20	713812
850.00	23.20	714060
850.00	23.20	714307
850.00	23.20	714554
850.00	23.20	714801
850.00	23.20	715048
850.00	23.20	715295
850.00	23.20	715542
850.00	23.16	715789
850.00	23.20	716037
850.00	23.20	716284
850.00	23.20	716531
850.00	23.16	716778
850.00	23.16	717025
850.00	23.16	717272
850.00	23.16	717519
850.00	23.20	717766
850.00	23.16	718014
850.00	23.16	718261
850.00	23.13	718508
850.00	23.16	718755
850.00	23.20	719002
850.00	23.13	719250
850.00	23.13	719497
850.00	23.13	719744
850.00	23.13	719992
850.00	23.13	720239
850.00	23.13	720487
850.00	23.10	720734
850.00	23.13	720981
850.00	23.13	721228
850.00	23.13	721475
850.00	23.13	721723
850.00	23.10	721970
850.00	23.13	722217
850.00	23.13	722464
850.00	23.10	722711
850.00	23.10	722958
850.00	23.10	723205
850.00	23.10	723453
850.00	23.10	723700
850.00	23.06	723947
850.00	23.06	724194
850.00	23.10	724441
850.00	23.06	724688
850.00	23.06	724935
850.00	23.06	725182
850.00	23.06	725430
850.00	23.06	725677
850.00	23.06	725924
850.00	23.03	726171
850.00	23.06	726418
850.00	23.03	726666
850.00	23.06	726913
850.00	23.06	727160
850.00	23.06	727407
850.00	23.03	727654
850.00	23.06	727902
850.00	23.06	728149
850.00	23.03	728396
850.00	23.03	728643
850.00	23.06	728890
850.00	23.03	729137
850.00	23.03	729385
850.00	22.99	729632
850.00	22.99	729879
850.00	23.03	730126
850.00	23.03	730374
850.00	23.03	730621
850.00	22.99	730868
850.00	22.99	731115
850.00	23.03	731362
850.00	23.03	731609
850.00	23.03	731856
850.00	23.03	732104
850.00	23.03	732351
850.00	23.03	732598
850.00	22.99	732845
850.00	22.99	733092
850.00	22.99	733339
850.00	22.99	733587
850.00	22.99	733834
850.00	22.99	734081
850.00	23.03	734328
850.00	22.96	734575
850.00	22.99	734822
850.00	22.96	735069
850.00	22.96	735316
850.00	22.99	735564
850.00	22.96	735811
850.00	22.96	736058
850.00	22.99	736305
850.00	22.96	736552
850.00	22.96	736799
850.00	22.93	737046
850.00	22.93	737294
850.00	22.96	737541
850.00	22.96	737788
850.00	22.93	738035
850.00	22.93	738283
850.00	22.96	738530
850.00	22.96	738777
850.00	22.93	739024
850.00	22.93	739272
850.00	22.93	739519
850.00	22.93	739766
850.00	22.96	740013
850.00	22.93	740260
850.00	22.93	740508
850.00	22.89	740755
850.00	22.93	741002
850.00	22.93	741249
850.00	22.93	741496
850.00	22.93	741743
850.00	22.89	741990
850.00	22.89	742238
850.00	22.89	742485
850.00	22.89	742732
850.00	22.86	742979
850.00	22.89	743226
850.00	22.89	743474
850.00	22.89	743721
850.00	22.89	743968
850.00	22.86	744215
850.00	22.89	744462
850.00	22.89	744710
850.00	22.89	744957
850.00	22.89	745204
850.00	22.86	745451
850.00	22.89	745698
850.00	22.86	745946
850.00	22.86	746193
850.00	22.83	746440
850.00	22.86	746687
850.00	22.86	746934
850.00	22.83	747181
850.00	22.86	747428
850.00	22.86	747676
850.00	22.86	747923
850.00	22.83	748170
850.00	22.83	748417
850.00	22.83	748665
850.00	22.86	748913
850.00	22.83	749160
850.00	22.86	749407
850.00	22.86	749654
850.00	22.83	749901
850.00	22.83	750149
850.00	22.83	750396
850.00	22.83	750643
850.00	22.83	750890
850.00	22.83	751137
850.00	22.79	751384
850.00	22.79	751632
850.00	22.79	751879
850.00	22.79	752126
850.00	22.79	752373
850.00	22.83	752620
850.00	22.79	752868
850.00	22.79	753115
850.00	22.79	753362
850.00	22.79	753609
850.00	22.76	753856
850.00	22.79	754103
850.00	22.76	754350
850.00	22.76	754598
850.00	22.76	754845
850.00	22.76	755092
850.00	22.79	755339
850.00	22.76	755586
850.00	22.72	755833
850.00	22.76	756080
850.00	22.76	756327
850.00	22.76	756575
850.00	22.76	756822
850.00	22.72	757069
850.00	22.76	757316
850.00	22.76	757563
850.00	22.72	757810
850.00	22.72	758058
850.00	22.76	758305
850.00	22.72	758552
850.00	22.76	758800
850.00	22.72	759047
850.00	22.72	759295
850.00	22.72	759542
850.00	22.69	759789
850.00	22.72	760036
850.00	22.69	760283
850.00	22.69	760531
850.00	22.76	760778
850.00	22.72	761025
850.00	22.69	761272
850.00	22.72	761519
850.00	22.72	761767
850.00	22.69	762014
850.00	22.69	762261
850.00	22.69	762508
850.00	22.69	762755
850.00	22.69	763002
850.00	22.69	763249
850.00	22.76	763496
850.00	22.72	763744
850.00	22.69	763991
850.00	22.72	764238
850.00	22.72	764485
850.00	22.72	764732
850.00	22.72	764980
850.00	22.72	765227
850.00	22.72	765474
850.00	22.72	765721
850.00	22.72	765968
850.00	22.76	766215
850.00	22.72	766462
850.00	22.76	766710
850.00	22.72	766957
850.00	22.72	767204
850.00	22.72	767451
850.00	22.72	767698
850.00	22.72	767945
850.00	22.76	768192
850.00	22.72	768439
850.00	22.72	768687
850.00	22.72	768934
850.00	22.72	769181
850.00	22.76	769429
850.00	22.72	769676
850.00	22.76	769923
850.00	22.72	770170
850.00	22.72	770417
850.00	22.72	770665
850.00	22.72	770912
850.00	22.72	771159
850.00	22.72	771406
850.00	22.76	771654
850.00	22.72	771901
850.00	22.72	772148
850.00	22.76	772395
850.00	22.72	772642
850.00	22.72	772889
850.00	22.72	773136
850.00	22.76	773384
850.00	22.72	773631
850.00	22.76	773878
850.00	22.79	774125
850.00	22.79	774372
850.00	22.79	774620
850.00	22.79	774867
850.00	22.79	775114
850.00	22.79	775361
850.00	22.79	775608
850.00	22.83	775856
850.00	22.83	776103
850.00	22.79	776350
850.00	22.83	776597
850.00	22.83	776844
850.00	22.83	777091
850.00	22.83	777338
850.00	22.83	777585
850.00	22.86	777833
850.00	22.86	778080
850.00	22.83	778328
850.00	22.86	778575
850.00	22.86	778822
850.00	22.86	779069
850.00	22.89	779316
850.00	22.86	779563
850.00	22.86	779810
850.00	22.89	780057
850.00	22.89	780305
850.00	22.86	780552
850.00	22.86	780799
850.00	22.89	781046
850.00	22.89	781293
850.00	22.89	781541
850.00	22.86	781788
850.00	22.86	782035
850.00	22.86	782282
850.00	22.86	782529
850.00	22.83	782776
850.00	22.83	783023
850.00	22.83	783270
850.00	22.79	783518
850.00	22.79	783765
850.00	22.79	784012
850.00	22.76	784259
850.00	22.72	784507
850.00	22.72	784754
850.00	22.72	785001
850.00	22.69	785248
850.00	22.69	785495
850.00	22.66	785742
850.00	22.62	785990
850.00	22.59	786237
850.00	22.56	786484
850.00	22.52	786731
850.00	22.52	786978
850.00	22.45	787225
850.00	22.42	787473
850.00	22.39	787720
850.00	22.39	787967
850.00	22.35	788214
850.00	22.32	788462
850.00	22.29	788709
850.00	22.25	788956
850.00	22.22	789203
850.00	22.22	789450
850.00	22.15	789697
850.00	22.12	789945
850.00	22.12	790192
850.00	22.08	790439
850.00	22.05	790686
850.00	22.01	790933
850.00	22.05	791181
850.00	21.98	791428
850.00	21.95	791676
850.00	21.91	791923
850.00	21.91	792170
850.00	21.91	792418
850.00	21.88	792665
850.00	21.85	792912
850.00	21.85	793159
850.00	21.78	793406
850.00	21.78	793653
850.00	21.78	793900
850.00	21.78	794147
850.00	21.74	794395
850.00	21.74	794642
850.00	21.74	794889
850.00	21.71	795136
850.00	21.68	795383
850.00	21.68	795631
850.00	21.64	795878
850.00	21.64	796125
850.00	21.64	796372
850.00	21.64	796619
850.00	21.64	796866
850.00	21.61	797114
850.00	21.61	797361
850.00	21.61	797608
850.00	21.61	797855
850.00	21.58	798102
850.00	21.58	798349
850.00	21.58	798597
850.00	21.54	798844
850.00	21.54	799091
850.00	21.54	799339
850.00	21.54	799586
850.00	21.51	799833
850.00	21.51	800080
850.00	21.51	800327
850.00	21.47	800574
850.00	21.51	800822
850.00	21.47	801069
850.00	21.44	801316
850.00	21.44	801563
850.00	21.44	801810
850.00	21.44	802058
850.00	21.44	802305
850.00	21.41	802552
850.00	21.44	802799
850.00	21.44	803046
850.00	21.44	803293
850.00	21.41	803541
850.00	21.41	803789
850.00	21.41	804036
850.00	21.41	804283
850.00	21.37	804530
850.00	21.41	804777
850.00	21.41	805025
850.00	21.41	805272
850.00	21.41	805519
850.00	21.37	805766
850.00	21.37	806013
850.00	21.37	806260
850.00	21.37	806508
850.00	21.41	806755
850.00	21.41	807002
850.00	21.37	807249
850.00	21.37	807496
850.00	21.37	807743
850.00	21.37	807991
850.00	21.37	808238
850.00	21.37	808485
850.00	21.37	808732
850.00	21.37	808979
850.00	21.37	809226
850.00	21.37	809473
850.00	21.41	809721
850.00	21.41	809968
850.00	21.41	810215
850.00	21.41	810462
850.00	21.41	810709
850.00	21.41	810956
850.00	21.41	811203
850.00	21.41	811450
850.00	21.41	811698
850.00	21.44	811945
850.00	21.41	812192
850.00	21.44	812439
850.00	21.41	812686
850.00	21.44	812933
850.00	21.41	813180
850.00	21.41	813428
850.00	21.41	813675
850.00	21.44	813922
850.00	21.44	814169
850.00	21.44	814416
850.00	21.44	814664
850.00	21.44	814911
850.00	21.47	815158
850.00	21.47	815405
850.00	21.47	815652
850.00	21.44	815899
850.00	21.47	816146
850.00	21.44	816393
850.00	21.47	816641
850.00	21.47	816888
850.00	21.44	817135
850.00	21.47	817382
850.00	21.47	817629
850.00	21.47	817876
850.00	21.47	818123
850.00	21.44	818370
850.00	21.47	818618
850.00	21.47	818865
850.00	21.47	819112
850.00	21.47	819359
850.00	21.51	819607
850.00	21.47	819854
850.00	21.47	820101
850.00	21.47	820350
850.00	21.47	820597
850.00	21.47	820844
850.00	21.47	821091
850.00	21.47	821338
850.00	21.47	821586
850.00	21.51	821833
850.00	21.51	822080
850.00	21.47	822327
850.00	21.51	822574
850.00	21.51	822821
850.00	21.51	823068
850.00	21.51	823315
850.00	21.47	823563
850.00	21.47	823810
850.00	21.51	824057
850.00	21.51	824304
850.00	21.51	824551
850.00	21.47	824799
850.00	21.51	825046
850.00	21.47	825293
850.00	21.51	825540
850.00	21.51	825787
850.00	21.51	826035
850.00	21.51	826282
850.00	21.51	826529
850.00	21.47	826776
850.00	21.47	827023
850.00	21.51	827270
850.00	21.47	827518
850.00	21.51	827765
850.00	21.47	828012
850.00	21.47	828259
850.00	21.51	828506
850.00	21.51	828753
850.00	21.51	829001
850.00	21.51	829248
850.00	21.47	829495
850.00	21.47	829742
850.00	21.47	829989
850.00	21.51	830236
850.00	21.47	830484
850.00	21.47	830731
850.00	21.51	830978
850.00	21.47	831225
850.00	21.47	831473
850.00	21.47	831720
850.00	21.47	831967
850.00	21.47	832214
850.00	21.47	832461
850.00	21.47	832708
850.00	21.47	832956
850.00	21.47	833203
850.00	21.47	833450
850.00	21.47	833698
850.00	21.47	833945
850.00	21.44	834192
850.00	21.47	834439
850.00	21.47	834686
850.00	21.47	834933
850.00	21.44	835180
850.00	21.44	835427
850.00	21.47	835675
850.00	21.44	835922
850.00	21.47	836169
850.00	21.47	836416
850.00	21.47	836663
850.00	21.44	836910
850.00	21.47	837157
850.00	21.47	837404
850.00	21.47	837652
850.00	21.44	837899
850.00	21.44	838146
850.00	21.44	838393
850.00	21.44	838641
850.00	21.44	838888
850.00	21.44	839135
850.00	21.44	839382
850.00	21.47	839629
850.00	21.44	839876
850.00	21.44	840124
850.00	21.41	840371
850.00	21.44	840618
850.00	21.44	840865
850.00	21.44	841113
850.00	21.44	841360
850.00	21.41	841607
850.00	21.44	841854
850.00	21.44	842101
850.00	21.44	842349
850.00	21.41	842596
850.00	21.44	842843
850.00	21.44	843090
850.00	21.44	843337
850.00	21.44	843584
850.00	21.44	843832
850.00	21.44	844079
850.00	21.44	844326
850.00	21.44	844573
850.00	21.44	844820
850.00	21.44	845068
850.00	21.44	845315
850.00	21.41	845562
850.00	21.44	845809
850.00	21.41	846056
850.00	21.41	846304
850.00	21.44	846551
850.00	21.44	846798
850.00	21.44	847045
850.00	21.41	847292
850.00	21.41	847540
850.00	21.44	847787
850.00	21.41	848034
850.00	21.44	848281
850.00	21.41	848528
850.00	21.41	848776
850.00	21.44	849023
850.00	21.41	849270
850.00	21.37	849517
850.00	21.41	849764
850.00	21.41	850012
850.00	21.41	850259
850.00	21.41	850506
850.00	21.37	850753
850.00	21.37	851000
850.00	21.37	851248
850.00	21.37	851495
850.00	21.37	851742
850.00	21.41	851989
850.00	21.37	852237
850.00	21.37	852484
850.00	21.37	852731
850.00	21.37	852978
850.00	21.37	853225
850.00	21.37	853473
850.00	21.41	853720
850.00	21.37	853968
850.00	21.37	854215
850.00	21.37	854462
850.00	21.37	854709
850.00	21.37	854956
850.00	21.37	855204
850.00	21.37	855451
850.00	21.34	855698
850.00	21.37	855945
850.00	21.34	856193
850.00	21.37	856441
850.00	21.37	856688
850.00	21.37	856935
850.00	21.34	857182
850.00	21.34	857429
850.00	21.37	857677
850.00	21.34	857924
850.00	21.34	858171
850.00	21.34	858418
850.00	21.34	858665
850.00	21.34	858912
850.00	21.34	859160
850.00	21.37	859407
850.00	21.34	859654
850.00	21.34	859901
850.00	21.34	860149
850.00	21.34	860396
850.00	21.34	860643
850.00	21.34	860890
850.00	21.34	861137
850.00	21.34	861384
850.00	21.34	861632
850.00	21.34	861879
850.00	21.34	862127
850.00	21.34	862374
850.00	21.30	862621
850.00	21.30	862868
850.00	21.30	863115
850.00	21.30	863362
850.00	21.30	863609
850.00	21.34	863856
850.00	21.30	864104
850.00	21.34	864351
850.00	21.34	864598
850.00	21.34	864846
850.00	21.30	865093
850.00	21.30	865340
850.00	21.34	865587
850.00	21.30	865834
850.00	21.34	866081
850.00	21.30	866328
850.00	21.34	866575
850.00	21.34	866823
850.00	21.30	867070
850.00	21.30	867317
850.00	21.34	867564
850.00	21.30	867811
850.00	21.30	868058
850.00	21.34	868305
850.00	21.30	868553
850.00	21.30	868800
850.00	21.30	869047
850.00	21.30	869295
850.00	21.27	869542
850.00	21.34	869789
850.00	21.30	870036
850.00	21.30	870283
850.00	21.30	870530
850.00	21.30	870777
850.00	21.30	871025
850.00	21.30	871272
850.00	21.30	871519
850.00	21.30	871766
850.00	21.30	872013
850.00	21.27	872260
850.00	21.30	872508
850.00	21.30	872755
850.00	21.30	873002
850.00	21.27	873249
850.00	21.30	873496
850.00	21.27	873743
850.00	21.30	873990
850.00	21.30	874238
850.00	21.30	874485
850.00	21.27	874732
850.00	21.30	874979
850.00	21.30	875226
850.00	21.30	875473
850.00	21.30	875720
850.00	21.30	875968
850.00	21.27	876215
850.00	21.30	876462
850.00	21.30	876709
850.00	21.27	876956
850.00	21.30	877203
850.00	21.30	877451
850.00	21.30	877698
850.00	21.27	877945
850.00	21.30	878192
850.00	21.30	878439
850.00	21.30	878686
850.00	21.30	878934
850.00	21.27	879181
850.00	21.27	879428
850.00	21.30	879675
850.00	21.27	879922
850.00	21.30	880170
850.00	21.27	880417
850.00	21.27	880664
850.00	21.27	880911
850.00	21.27	881158
850.00	21.30	881405
850.00	21.27	881653
850.00	21.27	881900
850.00	21.27	882147
850.00	21.27	882394
850.00	21.27	882642
850.00	21.24	882889
850.00	21.27	883137
850.00	21.27	883384
850.00	21.27	883631
850.00	21.27	883878
850.00	21.27	884125
850.00	21.30	884372
850.00	21.27	884619
850.00	21.27	884867
850.00	21.27	885114
850.00	21.27	885361
850.00	21.27	885608
850.00	21.27	885855
850.00	21.24	886102
850.00	21.24	886350
850.00	21.27	886597
850.00	21.24	886844
850.00	21.27	887091
850.00	21.27	887338
850.00	21.24	887586
850.00	21.27	887833
850.00	21.27	888080
850.00	21.24	888327
850.00	21.24	888575
850.00	21.24	888822
850.00	21.27	889069
850.00	21.27	889316
850.00	21.24	889563
850.00	21.27	889811
850.00	21.27	890058
850.00	21.27	890305
850.00	21.27	890552
850.00	21.27	890799
850.00	21.24	891047
850.00	21.24	891294
850.00	21.24	891541
850.00	21.27	891788
850.00	21.24	892035
850.00	21.24	892282
850.00	21.27	892530
850.00	21.24	892777
850.00	21.24	893024
850.00	21.24	893272
850.00	21.24	893519
850.00	21.24	893766
850.00	21.24	894013
850.00	21.24	894260
850.00	21.27	894507
850.00	21.20	894754
850.00	21.20	895002
850.00	21.24	895249
850.00	21.24	895496
850.00	21.20	895743
850.00	21.24	895991
850.00	21.24	896238
850.00	21.24	896485
850.00	21.24	896732
850.00	21.20	896979
850.00	21.24	897226
850.00	21.20	897474
850.00	21.24	897721
850.00	21.20	897968
850.00	21.24	898216
850.00	21.20	898463
850.00	21.20	898710
850.00	21.20	898957
850.00	21.24	899204
850.00	21.24	899451
850.00	21.20	899698
850.00	21.20	899945
850.00	21.20	900193
850.00	21.20	900440
850.00	21.20	900687
850.00	21.17	900934
850.00	21.20	901181
850.00	21.20	901428
850.00	21.20	901675
850.00	21.20	901922
850.00	21.20	902170
850.00	21.24	902417
850.00	21.24	902664
850.00	21.20	902911
850.00	21.20	903158
850.00	21.20	903406
850.00	21.17	903653
850.00	21.20	903900
850.00	21.20	904147
850.00	21.24	904394
850.00	21.20	904641
850.00	21.20	904888
850.00	21.20	905136
850.00	21.17	905383
850.00	21.20	905630
850.00	21.20	905877
850.00	21.17	906124
850.00	21.20	906371
850.00	21.17	906618
850.00	21.20	906866
850.00	21.20	907113
850.00	21.17	907360
850.00	21.17	907607
850.00	21.20	907854
850.00	21.17	908102
850.00	21.20	908349
850.00	21.20	908596
850.00	21.20	908843
850.00	21.24	909090
850.00	21.17	909337
850.00	21.20	909584
850.00	21.20	909832
850.00	21.20	910079
850.00	21.20	910326
850.00	21.17	910573
850.00	21.14	910821
850.00	21.20	911068
850.00	21.17	911315
850.00	21.20	911562
850.00	21.17	911809
850.00	21.20	912056
850.00	21.17	912303
850.00	21.20	912551
850.00	21.17	912798
850.00	21.17	913045
850.00	21.17	913292
850.00	21.17	913539
850.00	21.17	913786
850.00	21.17	914033
850.00	21.17	914281
850.00	21.20	914528
850.00	21.17	914775
850.00	21.17	915022
850.00	21.14	915269
850.00	21.17	915517
850.00	21.17	915764
850.00	21.17	916011
850.00	21.17	916258
850.00	21.14	916505
850.00	21.20	916753
850.00	21.17	917000
850.00	21.20	917247
850.00	21.17	917494
850.00	21.17	917741
850.00	21.17	917989
850.00	21.17	918236
850.00	21.17	918483
850.00	21.17	918730
850.00	21.17	918977
850.00	21.17	919224
850.00	21.17	919472
850.00	21.17	919719
850.00	21.17	919966
850.00	21.17	920213
850.00	21.17	920460
850.00	21.17	920707
850.00	21.17	920954
850.00	21.14	921201
850.00	21.17	921522
850.00	21.17	921842
850.00	21.17	922162
850.00	21.17	922484
850.00	21.17	922804
850.00	21.17	923125
850.00	21.17	923445
850.00	21.17	923765
850.00	21.14	924086
850.00	21.17	924407
850.00	21.17	924727
850.00	21.17	925047
850.00	21.17	925367
850.00	21.17	925687
850.00	21.14	926008
850.00	21.17	926328
850.00	21.17	926650
850.00	21.17	926970
850.00	21.17	927291
850.00	21.17	927611
850.00	21.17	927931
850.00	21.17	928251
850.00	21.17	928572
850.00	21.17	928893
850.00	21.14	929213
850.00	21.17	929534
850.00	21.14	929854
850.00	21.14	930174
850.00	21.17	930495
850.00	21.17	930815
850.00	21.17	931135
850.00	21.17	931457
850.00	21.14	931777
850.00	21.17	932098
850.00	21.14	932418
850.00	21.14	932738
850.00	21.14	933059
850.00	21.14	933379
850.00	21.14	933700
850.00	21.17	934021
850.00	21.20	934341
850.00	21.17	934662
850.00	21.20	934982
850.00	21.17	935303
850.00	21.17	935623
850.00	21.17	935944
850.00	21.20	936264
850.00	21.20	936584
850.00	21.24	936904
850.00	21.20	937225
850.00	21.24	937547
850.00	21.27	937867
850.00	21.27	938187
850.00	21.30	938508
850.00	21.34	938828
850.00	21.37	939148
850.00	21.41	939468
850.00	21.44	939789
850.00	21.47	940109
850.00	21.58	940430
850.00	21.58	940750
850.00	21.64	941070
850.00	21.74	941391
850.00	21.78	941711
850.00	21.81	942031
850.00	21.88	942352
850.00	21.95	942672
850.00	22.01	942992
850.00	22.08	943313
850.00	22.18	943633
850.00	22.25	943953
850.00	22.35	944275
850.00	22.39	944595
850.00	22.45	944916
850.00	22.56	945236
850.00	22.66	945556
850.00	22.76	945877
850.00	22.83	946197
850.00	22.93	946517
850.00	22.99	946838
850.00	23.10	947159
850.00	23.16	947479
850.00	23.27	947800
850.00	23.33	948120
850.00	23.43	948441
850.00	23.54	948762
850.00	23.64	949082
850.00	23.70	949403
850.00	23.81	949723
850.00	23.87	950044
850.00	23.98	950364
850.00	24.04	950684
850.00	24.11	951005
850.00	24.18	951325
