0.00	68.19	20978
0.00	68.26	21299
0.00	68.26	21620
0.00	68.30	21941
0.00	68.33	22262
0.00	68.33	22584
0.00	68.40	22905
0.00	68.43	23226
0.00	68.43	23547
0.00	68.47	23868
0.00	68.54	24189
0.00	68.54	24510
0.00	68.57	24831
0.00	68.57	25152
0.00	68.60	25473
0.00	68.64	25794
0.00	68.67	26115
0.00	68.71	26436
0.00	68.74	26757
0.00	68.74	27078
0.00	68.78	27399
0.00	68.78	27721
0.00	68.84	28042
0.00	68.88	28362
0.00	68.88	28682
850.00	68.91	28929
850.00	68.91	29177
850.00	68.98	29424
850.00	68.91	29671
850.00	68.95	29918
850.00	68.98	30166
850.00	69.02	30413
850.00	69.05	30660
850.00	69.02	30907
850.00	69.05	31154
850.00	69.08	31401
850.00	69.08	31649
850.00	69.08	31896
850.00	69.12	32143
850.00	69.12	32390
850.00	69.12	32637
850.00	69.12	32884
850.00	69.19	33131
850.00	69.19	33379
850.00	69.19	33626
850.00	69.22	33873
850.00	69.22	34121
850.00	69.26	34368
850.00	69.26	34615
850.00	69.26	34862
850.00	69.29	35109
850.00	69.29	35356
850.00	69.29	35603
850.00	69.32	35851
850.00	69.32	36098
850.00	69.36	36345
850.00	69.36	36593
850.00	69.39	36840
850.00	69.36	37087
850.00	69.39	37334
850.00	69.39	37581
850.00	69.43	37828
850.00	69.43	38075
850.00	69.46	38323
850.00	69.46	38570
850.00	69.50	38817
850.00	69.50	39064
850.00	69.50	39311
850.00	69.53	39558
850.00	69.50	39805
850.00	69.53	40053
850.00	69.56	40300
850.00	69.56	40547
850.00	69.56	40794
850.00	69.56	41041
850.00	69.56	41289
850.00	69.60	41536
850.00	69.60	41783
850.00	69.60	42030
850.00	69.60	42277
850.00	69.60	42524
850.00	69.60	42771
850.00	69.60	43018
850.00	69.60	43266
850.00	69.60	43513
850.00	69.60	43760
850.00	69.53	44007
850.00	69.56	44254
850.00	69.53	44501
850.00	69.53	44748
850.00	69.50	44995
850.00	69.50	45243
850.00	69.46	45490
850.00	69.46	45737
850.00	69.43	45984
850.00	69.39	46231
850.00	69.36	46479
850.00	69.29	46726
850.00	69.22	46973
850.00	69.19	47220
850.00	69.12	47467
850.00	69.08	47715
850.00	68.98	47962
850.00	68.91	48209
850.00	68.88	48456
850.00	68.81	48704
850.00	68.71	48951
850.00	68.64	49198
850.00	68.57	49445
850.00	68.50	49692
850.00	68.40	49939
850.00	68.33	50187
850.00	68.23	50434
850.00	68.12	50681
850.00	67.99	50928
850.00	67.85	51175
850.00	67.78	51422
850.00	67.68	51670
850.00	67.54	51918
850.00	67.44	52165
850.00	67.30	52412
850.00	67.17	52660
850.00	67.06	52907
850.00	66.93	53154
850.00	66.79	53401
850.00	66.65	53648
850.00	66.48	53896
850.00	66.34	54143
850.00	66.21	54390
850.00	66.07	54637
850.00	65.93	54884
850.00	65.80	55132
850.00	65.66	55379
850.00	65.49	55626
850.00	65.38	55873
850.00	65.21	56120
850.00	65.08	56368
850.00	64.90	56615
850.00	64.80	56862
850.00	64.63	57109
850.00	64.46	57357
850.00	64.29	57604
850.00	64.19	57851
850.00	64.02	58098
850.00	63.84	58345
850.00	63.71	58592
850.00	63.54	58840
850.00	63.36	59087
850.00	63.09	59334
850.00	62.85	59581
850.00	62.54	59828
850.00	62.24	60075
850.00	62.00	60323
850.00	61.69	60570
850.00	61.45	60817
850.00	61.18	61065
850.00	60.97	61312
850.00	60.77	61559
850.00	60.53	61806
850.00	60.32	62053
850.00	60.08	62300
850.00	59.88	62548
850.00	59.64	62795
850.00	59.40	63042
850.00	59.19	63289
850.00	58.92	63537
850.00	58.71	63784
850.00	58.48	64031
850.00	58.24	64278
850.00	58.03	64525
850.00	57.79	64773
850.00	57.55	65020
850.00	57.35	65267
850.00	57.11	65514
850.00	56.94	65761
850.00	56.73	66008
850.00	56.53	66256
850.00	56.32	66503
850.00	56.15	66750
850.00	55.98	66998
850.00	55.74	67245
850.00	55.64	67492
850.00	55.44	67739
850.00	55.23	67986
850.00	55.06	68233
850.00	54.89	68480
850.00	54.72	68728
850.00	54.51	68975
850.00	54.31	69222
850.00	54.14	69470
850.00	53.93	69717
850.00	53.70	69964
850.00	53.53	70211
850.00	53.29	70458
850.00	53.08	70705
850.00	52.88	70953
850.00	52.64	71200
850.00	52.37	71447
850.00	52.13	71694
850.00	51.89	71941
850.00	51.68	72188
850.00	51.41	72436
850.00	51.21	72683
850.00	51.00	72930
850.00	50.76	73177
850.00	50.56	73425
850.00	50.35	73672
850.00	50.18	73919
850.00	50.01	74166
850.00	49.81	74414
850.00	49.64	74661
850.00	49.43	74908
850.00	49.23	75155
850.00	49.06	75403
850.00	48.85	75650
850.00	48.58	75897
850.00	48.38	76144
850.00	48.14	76392
850.00	47.93	76639
850.00	47.66	76886
850.00	47.39	77134
850.00	47.12	77381
850.00	46.84	77628
850.00	46.57	77875
850.00	46.27	78122
850.00	46.03	78369
850.00	45.69	78616
850.00	45.42	78864
850.00	45.11	79111
850.00	44.84	79359
850.00	44.56	79606
850.00	44.29	79853
850.00	44.02	80100
850.00	43.78	80347
850.00	43.51	80594
850.00	43.24	80841
850.00	43.00	81088
850.00	42.73	81336
850.00	42.52	81583
850.00	42.29	81831
850.00	42.01	82078
850.00	41.78	82325
850.00	41.61	82572
850.00	41.33	82819
850.00	41.13	83066
850.00	40.89	83313
850.00	40.65	83561
850.00	40.45	83808
850.00	40.21	84055
850.00	40.04	84303
850.00	39.84	84550
850.00	39.60	84797
850.00	39.43	85044
850.00	39.23	85291
850.00	39.06	85538
850.00	38.89	85785
850.00	38.68	86033
850.00	38.51	86280
850.00	38.31	86528
850.00	38.14	86775
850.00	37.94	87022
850.00	37.77	87269
850.00	37.56	87516
850.00	37.43	87763
850.00	37.26	88010
850.00	37.09	88258
850.00	36.92	88505
850.00	36.78	88752
850.00	36.58	89000
850.00	36.48	89247
850.00	36.31	89494
850.00	36.14	89741
850.00	36.00	89988
850.00	35.83	90235
850.00	35.73	90483
850.00	35.59	90730
850.00	35.46	90977
850.00	35.29	91224
850.00	35.15	91472
850.00	35.02	91719
850.00	34.92	91966
850.00	34.75	92213
850.00	34.64	92460
850.00	34.51	92707
850.00	34.37	92954
850.00	34.27	93202
850.00	34.14	93449
850.00	34.03	93696
850.00	33.90	93943
850.00	33.80	94190
850.00	33.66	94438
850.00	33.59	94685
850.00	33.46	94932
850.00	33.36	95180
850.00	33.22	95427
850.00	33.12	95674
850.00	33.02	95921
850.00	32.91	96168
850.00	32.81	96416
850.00	32.75	96663
850.00	32.61	96910
850.00	32.51	97157
850.00	32.44	97404
850.00	32.30	97651
850.00	32.20	97899
850.00	32.10	98146
850.00	32.03	98393
850.00	31.90	98640
850.00	31.83	98888
850.00	31.73	99135
850.00	31.63	99382
850.00	31.52	99629
850.00	31.46	99877
850.00	31.36	100124
850.00	31.25	100371
850.00	31.22	100619
850.00	31.12	100866
850.00	31.02	101114
850.00	30.91	101361
850.00	30.85	101608
850.00	30.71	101855
850.00	30.64	102102
850.00	30.54	102349
850.00	30.47	102596
850.00	30.41	102844
850.00	30.30	103091
850.00	30.24	103338
850.00	30.10	103586
850.00	30.00	103833
848.93	29.93	104080
846.80	29.83	104327
845.65	29.76	104574
843.51	29.66	104821
842.34	29.59	105068
840.19	29.49	105316
839.96	29.46	105563
837.73	29.36	105811
836.48	29.29	106058
835.21	29.22	106305
833.91	29.15	106552
832.60	29.09	106799
831.28	29.02	107046
829.94	28.95	107293
828.60	28.88	107541
826.30	28.78	107788
825.00	28.71	108035
824.65	28.68	108283
823.29	28.61	108530
821.92	28.54	108777
820.55	28.48	109024
819.19	28.41	109271
817.82	28.34	109518
816.45	28.27	109765
815.09	28.21	110012
813.72	28.14	110260
814.27	28.14	110507
812.80	28.07	110754
811.35	28.00	111001
810.87	27.97	111248
809.38	27.90	111495
807.92	27.83	111743
807.42	27.80	111990
805.94	27.73	112237
805.43	27.70	112484
803.95	27.63	112731
803.44	27.60	112979
801.95	27.53	113226
800.47	27.46	113473
799.98	27.43	113720
799.45	27.39	113967
798.89	27.36	114214
797.35	27.29	114461
795.85	27.22	114709
795.32	27.19	114956
795.72	27.19	115203
795.09	27.16	115451
793.48	27.09	115698
792.87	27.05	115945
793.21	27.05	116192
791.56	26.99	116439
791.88	26.99	116686
789.26	26.88	116934
789.62	26.88	117181
789.91	26.88	117428
789.20	26.85	117676
787.53	26.78	117923
786.87	26.75	118170
787.17	26.75	118417
785.50	26.68	118664
785.80	26.68	118911
785.08	26.65	119158
783.42	26.58	119406
782.77	26.55	119653
782.12	26.51	119900
781.47	26.48	120148
780.81	26.44	120395
780.16	26.41	120642
779.50	26.38	120889
778.83	26.34	121136
777.21	26.28	121383
776.60	26.24	121631
775.97	26.21	121878
774.39	26.14	122125
773.80	26.11	122372
772.25	26.04	122620
771.70	26.00	122867
771.12	25.97	123114
770.53	25.94	123361
768.97	25.87	123608
768.40	25.84	123856
767.81	25.80	124103
767.20	25.77	124350
765.62	25.70	124597
765.03	25.67	124844
764.43	25.63	125092
762.86	25.57	125339
763.24	25.57	125586
761.64	25.50	125833
761.04	25.46	126080
759.47	25.40	126327
758.90	25.36	126575
758.31	25.33	126822
757.70	25.29	127069
757.08	25.26	127316
755.49	25.19	127564
754.90	25.16	127811
754.30	25.13	128058
753.68	25.09	128305
753.05	25.06	128553
751.45	24.99	128800
750.85	24.96	129048
750.24	24.92	129295
748.67	24.85	129542
748.09	24.82	129790
748.45	24.82	130037
746.83	24.75	130284
747.17	24.75	130531
746.48	24.72	130778
744.84	24.65	131025
745.16	24.65	131272
743.50	24.58	131520
741.90	24.52	131767
741.31	24.48	132014
741.66	24.48	132262
740.04	24.41	132509
740.38	24.41	132756
738.75	24.35	133003
739.07	24.35	133250
738.38	24.31	133497
735.78	24.21	133744
736.14	24.21	133992
734.53	24.14	134239
733.93	24.11	134487
733.32	24.08	134734
732.70	24.04	134981
732.07	24.01	135228
731.43	23.98	135475
731.74	23.98	135722
730.07	23.91	135969
729.41	23.87	136217
728.74	23.84	136464
728.07	23.81	136711
727.40	23.77	136959
726.74	23.74	137206
725.11	23.67	137453
725.45	23.67	137700
724.77	23.64	137947
723.14	23.57	138194
723.47	23.57	138441
721.83	23.50	138689
721.19	23.47	138936
721.51	23.47	139183
719.86	23.40	139431
720.16	23.40	139678
719.45	23.37	139925
717.80	23.30	140172
717.16	23.27	140419
716.50	23.23	140667
716.81	23.23	140914
716.09	23.20	141161
716.34	23.20	141408
715.58	23.16	141655
713.88	23.10	141903
714.15	23.10	142150
714.37	23.10	142397
713.58	23.06	142644
712.81	23.03	142891
712.06	22.99	143139
711.33	22.96	143386
710.61	22.93	143633
711.81	22.96	143880
710.04	22.89	144127
709.31	22.86	144375
709.54	22.86	144622
708.78	22.83	144869
708.03	22.79	145116
707.29	22.76	145363
706.57	22.72	145611
706.81	22.72	145858
706.05	22.69	146105
705.31	22.66	146352
705.53	22.66	146600
704.76	22.62	146847
704.00	22.59	147094
704.21	22.59	147341
703.43	22.56	147588
703.61	22.56	147836
702.81	22.52	148083
702.03	22.49	148330
702.22	22.49	148578
701.42	22.45	148825
700.64	22.42	149072
700.84	22.42	149319
701.00	22.42	149566
701.13	22.42	149814
700.27	22.39	150061
699.45	22.35	150308
698.65	22.32	150555
698.83	22.32	150802
698.02	22.29	151049
697.24	22.25	151297
697.44	22.25	151544
696.65	22.22	151791
696.84	22.22	152039
696.05	22.18	152287
696.22	22.18	152534
695.40	22.15	152781
694.61	22.12	153029
694.79	22.12	153276
693.99	22.08	153523
695.11	22.12	153771
693.29	22.05	154018
693.47	22.05	154265
692.65	22.01	154512
691.87	21.98	154759
692.06	21.98	155006
691.26	21.95	155254
692.39	21.98	155501
690.58	21.91	155748
689.80	21.88	155995
690.96	21.91	156243
690.11	21.88	156490
690.24	21.88	156737
689.40	21.85	156984
689.53	21.85	157231
688.69	21.81	157479
688.83	21.81	157726
688.00	21.78	157973
689.09	21.81	158220
688.20	21.78	158467
687.35	21.74	158715
687.49	21.74	158962
686.64	21.71	159209
687.74	21.74	159456
686.85	21.71	159703
686.95	21.71	159951
686.07	21.68	160198
686.19	21.68	160445
685.33	21.64	160692
684.51	21.61	160939
684.67	21.61	161187
685.76	21.64	161434
684.86	21.61	161681
684.96	21.61	161928
684.08	21.58	162175
683.24	21.54	162422
684.34	21.58	162670
684.40	21.58	162917
684.44	21.58	163164
684.47	21.58	163411
683.54	21.54	163658
684.57	21.58	163905
683.61	21.54	164152
683.66	21.54	164399
684.65	21.58	164647
683.68	21.54	164894
684.67	21.58	165141
683.69	21.54	165388
683.72	21.54	165635
683.74	21.54	165883
682.81	21.51	166130
682.88	21.51	166377
683.90	21.54	166624
683.90	21.54	166871
682.95	21.51	167119
682.99	21.51	167366
683.04	21.51	167613
683.07	21.51	167861
683.09	21.51	168108
683.11	21.51	168355
683.12	21.51	168602
683.14	21.51	168849
683.15	21.51	169096
682.20	21.47	169343
682.26	21.47	169591
682.31	21.47	169838
682.35	21.47	170085
683.34	21.51	170332
683.31	21.51	170580
683.29	21.51	170827
683.26	21.51	171074
682.29	21.47	171321
682.32	21.47	171568
682.34	21.47	171815
682.37	21.47	172062
683.34	21.51	172310
681.41	21.44	172557
682.45	21.47	172804
682.47	21.47	173051
682.48	21.47	173298
682.49	21.47	173545
682.49	21.47	173792
681.53	21.44	174039
682.54	21.47	174287
682.53	21.47	174534
682.53	21.47	174781
682.52	21.47	175028
682.51	21.47	175276
682.50	21.47	175523
681.54	21.44	175770
682.55	21.47	176017
682.53	21.47	176264
682.52	21.47	176511
681.56	21.44	176759
681.61	21.44	177006
681.65	21.44	177253
681.69	21.44	177500
682.68	21.47	177747
682.65	21.47	177995
682.61	21.47	178242
682.59	21.47	178489
682.57	21.47	178736
682.54	21.47	178983
682.52	21.47	179231
682.50	21.47	179478
682.49	21.47	179725
682.48	21.47	179972
683.43	21.51	180219
682.42	21.47	180467
682.43	21.47	180714
682.44	21.47	180961
683.39	21.51	181208
683.34	21.51	181455
683.30	21.51	181703
683.26	21.51	181950
683.23	21.51	182197
683.21	21.51	182444
683.19	21.51	182691
683.17	21.51	182939
683.16	21.51	183186
682.20	21.47	183433
683.21	21.51	183680
683.20	21.51	183927
683.20	21.51	184175
683.19	21.51	184422
684.14	21.54	184669
683.12	21.51	184916
683.12	21.51	185163
684.08	21.54	185411
684.02	21.54	185658
683.97	21.54	185906
683.93	21.54	186153
682.95	21.51	186400
683.93	21.54	186647
683.91	21.54	186894
683.89	21.54	187142
683.87	21.54	187389
683.86	21.54	187636
683.85	21.54	187884
683.85	21.54	188132
683.84	21.54	188379
683.84	21.54	188627
684.78	21.58	188874
683.77	21.54	189121
683.78	21.54	189368
682.84	21.51	189616
683.85	21.54	189863
684.80	21.58	190110
682.84	21.51	190357
682.90	21.51	190604
682.96	21.51	190851
683.01	21.51	191098
683.05	21.51	191346
683.08	21.51	191593
683.11	21.51	191840
683.12	21.51	192087
684.09	21.54	192334
684.05	21.54	192581
684.00	21.54	192828
683.96	21.54	193075
683.92	21.54	193323
683.89	21.54	193570
683.87	21.54	193817
683.85	21.54	194065
682.88	21.51	194312
683.88	21.54	194559
683.88	21.54	194806
683.87	21.54	195053
683.87	21.54	195300
683.86	21.54	195547
683.85	21.54	195795
683.85	21.54	196042
684.80	21.58	196289
684.73	21.58	196537
684.68	21.58	196784
684.64	21.58	197031
683.64	21.54	197278
683.67	21.54	197525
683.69	21.54	197772
684.67	21.58	198019
684.64	21.58	198267
684.62	21.58	198514
684.60	21.58	198761
683.63	21.54	199009
683.66	21.54	199256
684.65	21.58	199503
684.62	21.58	199750
683.64	21.54	199997
684.63	21.58	200244
684.61	21.58	200491
683.64	21.54	200738
685.58	21.61	200986
684.55	21.58	201233
684.53	21.58	201480
684.52	21.58	201727
684.51	21.58	201974
685.46	21.61	202221
685.40	21.61	202469
685.35	21.61	202716
685.30	21.61	202963
685.27	21.61	203211
684.29	21.58	203458
685.27	21.61	203705
685.25	21.61	203952
685.23	21.61	204200
685.22	21.61	204447
685.21	21.61	204694
685.21	21.61	204941
684.25	21.58	205188
686.20	21.64	205435
685.18	21.61	205683
686.13	21.64	205930
685.12	21.61	206177
685.13	21.61	206425
685.13	21.61	206672
685.14	21.61	206919
686.10	21.64	207166
685.10	21.61	207414
685.11	21.61	207661
685.13	21.61	207908
685.14	21.61	208155
687.06	21.68	208402
684.10	21.58	208649
686.07	21.64	208897
685.08	21.61	209144
685.10	21.61	209391
685.11	21.61	209638
685.13	21.61	209886
685.14	21.61	210133
685.15	21.61	210380
685.16	21.61	210627
686.13	21.64	210874
685.12	21.61	211122
686.08	21.64	211369
685.08	21.61	211616
685.10	21.61	211863
685.11	21.61	212111
685.12	21.61	212358
686.08	21.64	212605
685.09	21.61	212852
686.06	21.64	213100
685.07	21.61	213347
685.09	21.61	213594
685.11	21.61	213841
685.12	21.61	214088
685.13	21.61	214335
685.15	21.61	214582
686.11	21.64	214830
685.11	21.61	215077
685.13	21.61	215324
685.14	21.61	215571
685.15	21.61	215818
685.15	21.61	216066
685.16	21.61	216313
685.16	21.61	216560
685.17	21.61	216809
685.18	21.61	217056
685.18	21.61	217303
685.18	21.61	217550
685.18	21.61	217797
685.18	21.61	218045
685.18	21.61	218292
685.18	21.61	218539
685.18	21.61	218786
685.18	21.61	219034
685.18	21.61	219281
685.18	21.61	219528
685.18	21.61	219775
685.18	21.61	220022
685.18	21.61	220270
685.18	21.61	220517
685.18	21.61	220764
685.18	21.61	221011
685.18	21.61	221258
685.18	21.61	221505
685.18	21.61	221752
685.18	21.61	222000
685.18	21.61	222247
685.18	21.61	222494
685.18	21.61	222741
685.18	21.61	222988
686.13	21.64	223236
685.13	21.61	223483
685.13	21.61	223730
685.14	21.61	223977
685.15	21.61	224224
685.15	21.61	224471
685.16	21.61	224718
685.16	21.61	224965
686.12	21.64	225213
685.12	21.61	225460
685.13	21.61	225707
685.14	21.61	225954
685.15	21.61	226201
685.15	21.61	226448
685.16	21.61	226695
686.12	21.64	226943
685.11	21.61	227190
685.13	21.61	227437
685.14	21.61	227685
685.15	21.61	227932
686.10	21.64	228179
685.10	21.61	228426
685.11	21.61	228673
685.13	21.61	228920
685.14	21.61	229167
686.10	21.64	229415
685.10	21.61	229662
685.11	21.61	229909
685.13	21.61	230157
685.14	21.61	230404
685.15	21.61	230651
685.16	21.61	230898
685.16	21.61	231145
685.17	21.61	231392
685.18	21.61	231639
686.13	21.64	231887
686.08	21.64	232134
685.08	21.61	232381
685.09	21.61	232629
686.05	21.64	232876
686.01	21.64	233123
685.02	21.61	233370
685.05	21.61	233617
686.02	21.64	233864
685.04	21.61	234111
686.02	21.64	234359
685.99	21.64	234606
685.96	21.64	234853
684.99	21.61	235100
685.97	21.64	235347
686.90	21.68	235594
685.87	21.64	235842
684.91	21.61	236089
685.91	21.64	236336
686.85	21.68	236583
685.83	21.64	236831
686.79	21.68	237078
685.78	21.64	237325
685.78	21.64	237573
686.75	21.68	237820
686.71	21.68	238067
686.66	21.68	238314
686.63	21.68	238561
686.60	21.68	238808
686.58	21.68	239056
687.52	21.71	239303
686.50	21.68	239550
686.49	21.68	239798
686.49	21.68	240045
686.50	21.68	240292
686.50	21.68	240539
686.51	21.68	240787
686.52	21.68	241034
686.52	21.68	241281
686.53	21.68	241528
